ASAS14me 0.0178 21.6670 -57.9970
filter g
 57008.098 16.528 0.007
 57009.114 16.178 0.010
 57010.095 15.929 0.011
 57011.111 15.734 0.010
 57012.162 15.555 0.008
 57013.130 15.434 0.008
 57014.098 15.351 0.011
 57015.219 15.271 0.011
 57018.099 15.104 0.008
 57019.107 15.099 0.006
 57020.133 15.097 0.008
 57021.091 15.076 0.008
 57022.150 15.114 0.008
 57023.087 15.151 0.007
 57024.120 15.190 0.007
 57025.076 15.224 0.009
 57026.101 15.285 0.009
 57027.113 15.297 0.023
 57028.114 15.509 0.043
 57029.106 15.432 0.008
 57030.130 15.471 0.009
 57031.128 15.554 0.007
 57032.086 15.599 0.009
 57033.113 15.678 0.009
 57034.156 15.764 0.009
 57035.085 15.825 0.009
 57036.089 15.902 0.010
 57037.102 15.979 0.011
 57038.101 16.064 0.010
 57039.163 16.153 0.011
 57040.097 16.224 0.008
 57041.086 16.317 0.009
 57042.075 16.405 0.012
 57044.105 16.593 0.010
 57045.085 16.647 0.010
 57046.081 16.757 0.010
 57047.068 16.836 0.013
 57048.066 16.930 0.013
 57049.078 17.001 0.015
 57056.062 17.367 0.030
 57057.072 17.489 0.021
 57058.060 17.572 0.019
 57059.067 17.451 0.051
 57060.083 17.646 0.012
 57067.041 17.849 0.013
filter r
 57008.099 16.589 0.011
 57009.112 16.230 0.017
 57010.096 16.019 0.014
 57011.112 15.815 0.012
 57012.163 15.664 0.010
 57013.129 15.535 0.011
 57014.099 15.440 0.011
 57015.217 15.350 0.010
 57018.098 15.225 0.009
 57019.106 15.194 0.007
 57020.132 15.218 0.014
 57021.090 15.164 0.008
 57022.151 15.161 0.009
 57023.088 15.185 0.007
 57024.121 15.195 0.007
 57025.075 15.231 0.009
 57026.100 15.261 0.011
 57027.114 15.364 0.028
 57028.115 15.604 0.055
 57029.104 15.414 0.009
 57030.128 15.513 0.010
 57031.127 15.599 0.011
 57032.084 15.667 0.011
 57033.111 15.743 0.012
 57034.155 15.831 0.010
 57035.083 15.864 0.010
 57036.089 15.898 0.011
 57037.102 15.921 0.011
 57038.102 15.945 0.013
 57039.163 15.971 0.012
 57040.097 15.984 0.008
 57041.087 15.993 0.009
 57042.076 16.031 0.011
 57044.104 16.040 0.008
 57045.084 16.067 0.009
 57046.080 16.086 0.009
 57047.067 16.111 0.011
 57048.065 16.123 0.010
 57049.077 16.133 0.012
 57056.063 16.528 0.014
 57057.070 16.520 0.011
 57058.058 16.581 0.011
 57059.065 16.657 0.022
 57060.077 16.700 0.007
 57067.043 17.016 0.011
filter i
 57008.100 16.858 0.013
 57009.114 16.529 0.016
 57010.097 16.279 0.016
 57011.113 16.066 0.015
 57012.164 15.953 0.014
 57013.130 15.819 0.011
 57014.100 15.778 0.012
 57015.219 15.737 0.014
 57018.099 15.713 0.011
 57019.109 15.755 0.010
 57020.134 15.768 0.014
 57021.092 15.799 0.015
 57022.152 15.868 0.013
 57023.089 15.887 0.012
 57024.122 15.919 0.012
 57025.077 16.009 0.015
 57026.102 16.058 0.016
 57027.115 16.039 0.054
 57028.116 16.388 0.098
 57029.107 16.265 0.017
 57030.131 16.346 0.019
 57031.129 16.434 0.016
 57032.086 16.518 0.014
 57033.115 16.578 0.013
 57034.157 16.645 0.014
 57035.088 16.644 0.012
 57036.090 16.761 0.019
 57037.104 16.753 0.017
 57038.102 16.683 0.020
 57039.164 16.712 0.018
 57040.099 16.680 0.014
 57041.088 16.681 0.016
 57042.077 16.695 0.017
 57044.106 16.539 0.014
 57045.086 16.602 0.015
 57046.082 16.514 0.012
 57047.069 16.538 0.020
 57048.067 16.463 0.013
 57049.079 16.478 0.015
 57056.065 16.576 0.016
 57057.074 16.724 0.015
 57058.061 16.748 0.012
 57059.069 16.817 0.021
 57060.086 16.845 0.009
 57067.044 17.260 0.017
filter u
 57008.103 17.172 0.011
 57009.117 16.663 0.012
 57010.099 16.317 0.014
 57011.114 16.017 0.014
 57012.165 15.870 0.012
 57013.132 15.686 0.012
 57014.102 15.593 0.012
 57018.101 15.448 0.010
 57019.111 15.482 0.011
 57020.135 15.523 0.012
 57021.095 15.554 0.013
 57022.153 15.639 0.012
 57023.090 15.733 0.012
 57024.123 15.813 0.013
 57025.079 15.907 0.014
 57026.103 16.001 0.017
 57027.117 16.106 0.061
 57028.118 16.171 0.044
 57029.108 16.270 0.016
 57030.132 16.434 0.017
 57031.131 16.510 0.016
 57032.088 16.621 0.015
 57034.158 16.832 0.020
 57035.089 16.974 0.020
 57036.091 17.112 0.019
 57037.106 17.264 0.021
 57038.104 17.327 0.022
 57039.165 17.537 0.029
 57040.101 17.656 0.020
 57041.090 17.732 0.019
 57042.079 17.970 0.025
 57044.108 18.050 0.029
 57045.089 18.196 0.026
 57046.085 18.271 0.029
 57047.071 18.347 0.030
 57048.069 18.443 0.027
 57049.092 18.567 0.029
 57057.079 18.887 0.074
 57058.066 18.913 0.065
 57060.091 19.043 0.052
 57067.049 19.197 0.048
filter V
 57009.119 16.261 0.013
 57010.100 16.014 0.015
 57011.110 15.795 0.012
 57012.162 15.635 0.010
 57013.134 15.506 0.012
 57014.097 15.393 0.014
 57015.211 15.330 0.012
 57018.104 15.169 0.010
 57019.104 15.116 0.008
 57020.137 15.109 0.010
 57021.088 15.121 0.011
 57022.155 15.128 0.009
 57023.086 15.142 0.009
 57024.119 15.181 0.009
 57025.080 15.239 0.012
 57026.104 15.269 0.012
 57027.118 15.297 0.028
 57028.113 15.330 0.014
 57029.110 15.384 0.009
 57030.134 15.438 0.009
 57031.126 15.463 0.009
 57032.091 15.533 0.009
 57033.119 15.604 0.010
 57034.160 15.658 0.009
 57035.093 15.741 0.010
 57036.088 15.778 0.011
 57037.100 15.835 0.013
 57038.100 15.890 0.012
 57039.167 15.933 0.013
 57040.095 15.977 0.010
 57041.092 16.062 0.011
 57042.081 16.075 0.012
 57044.094 16.191 0.012
 57045.083 16.244 0.013
 57046.079 16.295 0.012
 57047.065 16.328 0.013
 57048.063 16.402 0.014
 57049.075 16.415 0.015
 57057.068 16.881 0.015
 57058.071 16.968 0.018
 57059.063 16.973 0.024
 57060.075 17.007 0.010
 57067.039 17.327 0.012
filter B
 57009.120 16.207 0.010
 57010.101 15.961 0.011
 57011.110 15.760 0.011
 57012.160 15.608 0.009
 57013.135 15.470 0.011
 57014.096 15.361 0.010
 57015.210 15.281 0.009
 57018.106 15.143 0.009
 57019.102 15.133 0.009
 57020.138 15.142 0.012
 57021.087 15.123 0.011
 57022.156 15.159 0.009
 57023.085 15.197 0.009
 57024.117 15.249 0.009
 57025.081 15.286 0.009
 57026.105 15.352 0.009
 57027.120 15.353 0.026
 57028.112 15.459 0.016
 57029.113 15.533 0.010
 57030.135 15.603 0.010
 57031.125 15.702 0.009
 57032.092 15.761 0.009
 57033.120 15.849 0.011
 57034.161 15.936 0.011
 57035.094 16.025 0.011
 57036.087 16.138 0.014
 57037.099 16.228 0.013
 57038.099 16.321 0.013
 57039.168 16.442 0.013
 57040.095 16.549 0.011
 57041.093 16.662 0.011
 57042.082 16.724 0.013
 57044.093 16.944 0.015
 57045.080 17.023 0.014
 57046.077 17.111 0.016
 57047.064 17.170 0.018
 57048.061 17.296 0.018
 57049.086 17.364 0.018
 57056.055 17.804 0.040
 57057.065 17.854 0.029
 57058.074 17.825 0.023
 57059.061 17.937 0.036
 57060.071 17.970 0.014
 57067.037 18.142 0.015
filter Y
 57021.049 16.125 0.013
 57023.064 16.242 0.015
 57024.157 16.366 0.013
 57030.076 16.774 0.017
 57031.054 16.797 0.013
 57032.017 16.828 0.022
 57050.046 15.844 0.016
filter H
 57021.052 16.102 0.018
 57023.067 16.237 0.021
 57024.162 16.265 0.019
 57030.070 16.350 0.020
 57031.071 16.546 0.027
 57050.062 16.072 0.017
filter J
 57021.068 15.795 0.008
 57023.075 15.908 0.010
 57050.071 16.966 0.012
