ASAS14mw 0.0274 25.3548 -65.6170
filter B
 57022.160 16.252 0.013
 57024.140 16.059 0.013
 57025.086 15.967 0.013
 57026.109 15.934 0.013
 57027.124 15.885 0.018
 57028.138 15.913 0.012
 57029.119 15.898 0.010
 57030.137 15.906 0.008
 57031.143 15.944 0.008
 57032.096 15.966 0.009
 57033.147 16.004 0.009
 57034.163 16.017 0.008
 57035.098 16.079 0.008
 57036.105 16.131 0.009
 57037.117 16.207 0.009
 57038.115 16.257 0.009
 57039.172 16.339 0.009
 57040.115 16.409 0.008
 57041.099 16.507 0.010
 57042.087 16.586 0.010
 57044.121 16.787 0.012
 57045.102 16.881 0.013
 57046.099 16.978 0.011
 57047.084 17.096 0.012
 57048.099 17.245 0.017
 57049.111 17.302 0.019
 57056.088 17.941 0.063
 57056.089 17.906 0.062
 57056.090 17.924 0.077
 57056.091 17.956 0.070
 57057.106 18.105 0.044
 57058.082 18.161 0.028
 57059.093 18.234 0.028
 57060.112 18.318 0.017
 57064.089 18.577 0.013
 57065.036 18.636 0.011
 57066.026 18.683 0.017
 57067.071 18.730 0.014
 57068.035 18.773 0.011
 57069.038 18.811 0.014
filter V
 57022.161 16.325 0.014
 57024.139 16.141 0.014
 57025.087 16.033 0.013
 57026.110 15.978 0.014
 57027.125 15.949 0.018
 57028.136 15.974 0.016
 57029.120 15.927 0.013
 57030.139 15.911 0.011
 57031.142 15.934 0.009
 57032.098 15.955 0.010
 57033.144 15.995 0.010
 57034.165 15.979 0.010
 57035.100 16.044 0.012
 57036.103 16.050 0.010
 57037.116 16.112 0.013
 57038.114 16.156 0.010
 57039.173 16.220 0.012
 57040.114 16.252 0.011
 57041.100 16.312 0.011
 57042.089 16.391 0.011
 57044.119 16.508 0.011
 57045.101 16.564 0.013
 57046.098 16.592 0.013
 57047.083 16.654 0.014
 57048.098 16.707 0.014
 57049.109 16.749 0.016
 57056.084 17.150 0.027
 57056.085 17.095 0.028
 57056.086 17.210 0.042
 57057.102 17.260 0.020
 57058.085 17.278 0.019
 57059.090 17.362 0.014
 57060.108 17.419 0.013
 57064.086 17.642 0.011
 57065.032 17.730 0.011
 57066.029 17.762 0.011
 57067.067 17.827 0.013
 57068.040 17.890 0.010
 57069.035 17.929 0.011
filter g
 57022.162 16.231 0.011
 57024.134 16.031 0.009
 57025.088 15.991 0.011
 57026.112 15.919 0.010
 57027.127 15.858 0.012
 57028.124 15.974 0.053
 57029.123 15.856 0.008
 57030.141 15.846 0.008
 57031.137 15.878 0.007
 57032.100 15.896 0.007
 57033.150 15.916 0.008
 57034.167 15.966 0.008
 57035.103 16.010 0.007
 57036.097 16.055 0.008
 57037.111 16.092 0.008
 57038.109 16.153 0.008
 57039.174 16.208 0.009
 57040.107 16.263 0.008
 57041.101 16.329 0.007
 57042.090 16.392 0.008
 57044.114 16.579 0.009
 57045.094 16.668 0.008
 57046.091 16.740 0.009
 57047.076 16.813 0.012
 57048.075 16.919 0.012
 57049.098 17.020 0.015
 57056.077 17.683 0.025
 57056.079 17.647 0.027
 57056.081 17.606 0.030
 57056.082 17.613 0.035
 57057.090 17.713 0.023
 57058.091 17.778 0.021
 57059.086 17.891 0.020
 57060.103 17.979 0.014
 57064.081 18.214 0.009
 57065.026 18.289 0.012
 57066.032 18.329 0.009
 57067.061 18.375 0.012
 57068.043 18.431 0.010
 57069.032 18.469 0.013
filter r
 57022.164 16.351 0.013
 57024.133 16.172 0.013
 57025.089 16.090 0.012
 57026.113 16.052 0.013
 57027.128 16.003 0.016
 57029.122 15.959 0.010
 57030.140 15.974 0.010
 57031.136 15.983 0.009
 57032.099 15.982 0.010
 57033.149 16.000 0.009
 57034.166 16.041 0.010
 57035.102 16.090 0.011
 57036.096 16.133 0.010
 57037.110 16.178 0.010
 57038.110 16.231 0.010
 57039.175 16.312 0.010
 57040.109 16.387 0.009
 57041.102 16.452 0.011
 57042.091 16.540 0.011
 57044.113 16.634 0.010
 57045.092 16.674 0.012
 57046.089 16.706 0.011
 57047.075 16.729 0.012
 57048.073 16.745 0.013
 57049.096 16.758 0.014
 57056.075 16.868 0.011
 57057.088 16.909 0.013
 57058.088 16.913 0.011
 57059.083 17.000 0.017
 57060.100 16.995 0.010
 57064.079 17.237 0.010
 57065.024 17.307 0.008
 57066.035 17.359 0.007
 57067.059 17.442 0.008
 57068.045 17.488 0.008
 57069.024 17.543 0.009
filter i
 57022.164 16.674 0.019
 57024.135 16.603 0.019
 57025.090 16.573 0.019
 57026.113 16.549 0.017
 57027.129 16.545 0.025
 57029.124 16.664 0.015
 57030.142 16.717 0.015
 57031.138 16.718 0.017
 57032.102 16.758 0.010
 57033.151 16.745 0.013
 57034.168 16.803 0.011
 57035.104 16.832 0.010
 57036.098 16.908 0.015
 57037.112 17.007 0.017
 57038.111 17.071 0.014
 57039.176 17.200 0.018
 57040.110 17.274 0.018
 57041.104 17.371 0.020
 57042.092 17.438 0.021
 57044.115 17.515 0.023
 57045.096 17.571 0.022
 57046.092 17.498 0.017
 57047.078 17.485 0.015
 57048.077 17.540 0.017
 57049.100 17.461 0.015
 57056.073 17.322 0.015
 57057.091 17.237 0.011
 57058.089 17.279 0.016
 57059.088 17.265 0.017
 57060.105 17.256 0.009
 57064.083 17.426 0.011
 57065.029 17.491 0.010
 57066.037 17.584 0.011
 57067.064 17.609 0.013
 57068.048 17.751 0.011
 57069.029 17.792 0.010
filter u
 57022.167 16.571 0.017
 57024.137 16.404 0.019
 57025.091 16.366 0.020
 57026.115 16.310 0.018
 57027.130 16.261 0.025
 57028.132 16.416 0.059
 57029.125 16.365 0.017
 57030.143 16.425 0.016
 57031.139 16.507 0.020
 57032.104 16.581 0.015
 57033.153 16.656 0.015
 57034.172 16.745 0.014
 57035.106 16.819 0.012
 57036.101 16.897 0.013
 57037.114 17.008 0.015
 57038.112 17.105 0.014
 57039.178 17.176 0.016
 57040.112 17.311 0.020
 57041.107 17.439 0.017
 57042.094 17.579 0.018
 57044.117 17.780 0.026
 57045.098 17.983 0.024
 57046.095 18.101 0.019
 57047.080 18.240 0.021
 57048.093 18.337 0.024
 57049.104 18.481 0.021
filter Y
 57024.125 16.640 0.016
 57029.084 16.914 0.016
 57031.102 17.116 0.018
 57032.041 17.198 0.018
 57051.048 17.200 0.015
filter H
 57024.128 16.787 0.024
 57029.090 16.995 0.025
 57031.108 17.154 0.041
 57032.056 17.224 0.038
 57051.071 17.162 0.023
filter J
 57024.136 16.555 0.015
 57029.079 16.702 0.014
 57031.082 16.885 0.017
 57032.062 16.953 0.017
 57051.083 18.258 0.023
