ASAS14lq 0.0262 344.3309 -20.9669
filter g
 57001.056 16.198 0.009
 57003.094 16.306 0.008
 57005.054 16.450 0.008
 57006.044 16.485 0.005
 57008.044 16.669 0.009
 57010.025 16.829 0.013
 57012.033 17.030 0.009
 57014.051 17.205 0.008
 57020.046 17.750 0.013
 57022.055 17.909 0.018
 57026.036 18.307 0.049
 57036.034 18.744 0.060
filter r
 57001.057 16.092 0.010
 57003.093 16.184 0.010
 57005.051 16.334 0.014
 57006.042 16.417 0.006
 57008.045 16.593 0.011
 57010.023 16.744 0.016
 57012.034 16.855 0.011
 57014.052 16.902 0.009
 57020.044 16.914 0.010
 57022.057 16.947 0.009
 57024.041 17.015 0.037
 57024.046 17.061 0.017
 57026.037 17.177 0.018
 57036.035 17.730 0.028
filter i
 57001.058 16.898 0.019
 57003.096 16.989 0.016
 57005.053 17.188 0.020
 57006.046 17.326 0.008
 57008.046 17.544 0.018
 57010.026 17.686 0.029
 57012.035 17.742 0.024
 57014.054 17.708 0.014
 57020.048 17.459 0.016
 57022.059 17.364 0.014
 57024.052 17.355 0.035
 57026.038 17.405 0.024
 57036.036 18.240 0.062
filter u
 57001.060 17.208 0.019
 57003.098 17.346 0.016
 57005.056 17.574 0.020
 57006.049 17.696 0.016
 57008.049 17.914 0.021
 57010.028 18.221 0.029
 57012.042 18.554 0.025
 57014.057 18.797 0.026
 57020.051 19.470 0.083
 57022.064 19.341 0.121
 57026.043 19.734 0.156
filter V
 57001.062 16.149 0.013
 57003.092 16.222 0.010
 57005.058 16.356 0.010
 57006.034 16.422 0.006
 57010.031 16.669 0.013
 57012.031 16.833 0.014
 57014.049 16.916 0.011
 57020.059 17.215 0.013
 57022.053 17.281 0.014
 57024.034 17.222 0.079
 57024.036 17.344 0.046
 57026.034 17.546 0.029
 57036.038 18.217 0.051
filter B
 57001.063 16.277 0.009
 57003.091 16.422 0.010
 57005.060 16.582 0.009
 57006.037 16.666 0.006
 57010.032 17.068 0.014
 57012.029 17.301 0.016
 57014.046 17.529 0.009
 57020.065 18.077 0.017
 57022.050 18.289 0.048
 57024.031 18.266 0.091
 57024.032 18.397 0.093
 57026.032 18.528 0.078
 57036.039 19.023 0.094
filter Y
 57004.036 17.429 0.025
 57005.027 17.568 0.022
filter H
 57004.051 17.461 0.036
filter J
 57005.043 17.854 0.038
