ASAS14ad 0.0264 190.0463 18.0591
filter i
 56685.337 17.104 0.013
 56686.373 17.030 0.012
 56687.331 16.931 0.012
 56688.352 16.914 0.015
 56689.337 16.891 0.012
 56690.358 16.919 0.014
 56691.343 16.951 0.017
 56692.364 17.001 0.015
 56693.355 17.003 0.017
 56694.349 17.063 0.015
 56695.358 17.088 0.016
 56696.331 17.105 0.018
 56697.328 17.127 0.015
 56698.334 17.180 0.013
 56699.306 17.232 0.015
 56700.319 17.302 0.019
 56701.324 17.355 0.020
 56702.304 17.471 0.021
 56703.308 17.558 0.028
 56704.338 17.678 0.024
 56707.287 17.812 0.027
 56708.284 17.878 0.026
 56709.269 17.858 0.024
 56710.273 17.850 0.021
 56711.284 17.798 0.019
 56712.297 17.824 0.019
 56713.270 17.808 0.020
 56714.250 17.729 0.015
 56714.252 17.762 0.016
 56715.317 17.724 0.019
 56717.258 17.691 0.018
 56718.273 17.618 0.020
 56719.301 17.650 0.021
 56720.255 17.596 0.016
 56721.280 17.636 0.018
 56722.262 17.615 0.018
 56723.262 17.616 0.015
 56724.243 17.652 0.014
 56725.220 17.683 0.013
 56726.210 17.716 0.016
 56727.219 17.794 0.016
 56729.192 17.927 0.019
 56742.187 18.622 0.019
 56755.185 19.138 0.036
 56759.217 19.161 0.048
 56759.218 19.300 0.049
filter r
 56685.339 16.768 0.010
 56686.371 16.650 0.008
 56687.330 16.546 0.011
 56688.349 16.488 0.010
 56689.336 16.432 0.009
 56690.357 16.404 0.011
 56691.342 16.372 0.013
 56692.362 16.348 0.012
 56693.353 16.340 0.013
 56694.350 16.342 0.012
 56695.359 16.376 0.011
 56696.330 16.388 0.013
 56697.326 16.410 0.011
 56698.333 16.450 0.009
 56699.305 16.502 0.012
 56700.318 16.561 0.013
 56701.322 16.607 0.015
 56702.303 16.689 0.013
 56703.307 16.722 0.015
 56704.337 16.843 0.014
 56707.286 16.993 0.014
 56708.283 17.031 0.016
 56709.268 17.083 0.015
 56710.272 17.083 0.014
 56711.283 17.096 0.013
 56712.296 17.140 0.013
 56713.268 17.162 0.014
 56714.248 17.159 0.009
 56715.316 17.182 0.014
 56717.256 17.199 0.013
 56718.271 17.228 0.014
 56719.292 17.264 0.013
 56720.254 17.255 0.014
 56721.279 17.331 0.013
 56722.260 17.357 0.014
 56723.260 17.451 0.012
 56724.240 17.490 0.011
 56725.218 17.537 0.010
 56726.208 17.618 0.015
 56727.217 17.661 0.015
 56729.191 17.798 0.019
 56742.185 18.354 0.017
 56755.188 18.708 0.022
 56759.213 18.872 0.037
 56759.215 18.883 0.031
filter g
 56685.340 16.630 0.009
 56686.370 16.514 0.009
 56687.328 16.411 0.007
 56688.348 16.335 0.008
 56689.334 16.274 0.009
 56690.356 16.233 0.010
 56691.341 16.214 0.011
 56692.361 16.204 0.009
 56693.351 16.191 0.011
 56694.351 16.207 0.012
 56695.361 16.263 0.009
 56696.332 16.286 0.011
 56697.329 16.320 0.010
 56698.335 16.370 0.007
 56699.308 16.427 0.009
 56700.317 16.472 0.011
 56701.321 16.521 0.013
 56702.302 16.600 0.011
 56703.306 16.658 0.016
 56704.336 16.693 0.012
 56707.288 16.970 0.013
 56708.285 17.037 0.013
 56709.270 17.116 0.011
 56710.274 17.194 0.013
 56711.285 17.315 0.011
 56712.298 17.423 0.012
 56713.271 17.469 0.011
 56714.254 17.553 0.009
 56715.320 17.674 0.016
 56717.255 17.835 0.013
 56718.270 17.934 0.016
 56719.290 18.015 0.016
 56720.252 18.096 0.016
 56721.278 18.183 0.017
 56722.259 18.267 0.018
 56723.259 18.358 0.014
 56724.242 18.436 0.013
 56725.216 18.482 0.012
 56726.206 18.539 0.016
 56727.215 18.617 0.017
 56729.189 18.688 0.022
 56742.182 19.120 0.014
 56755.192 19.388 0.027
 56759.209 19.456 0.054
 56759.211 19.469 0.057
filter u
 56685.341 17.280 0.018
 56686.375 17.140 0.017
 56687.333 17.022 0.017
 56688.354 16.934 0.015
 56689.340 16.858 0.016
 56690.360 16.775 0.014
 56691.345 16.740 0.017
 56692.366 16.777 0.015
 56693.357 16.793 0.019
 56694.353 16.838 0.017
 56695.362 16.951 0.017
 56696.334 16.968 0.020
 56697.331 17.083 0.017
 56698.336 17.207 0.017
 56699.309 17.285 0.018
 56700.321 17.437 0.022
 56701.327 17.540 0.024
 56702.307 17.665 0.034
 56703.311 17.823 0.043
 56704.340 17.908 0.032
 56707.290 18.269 0.044
 56708.288 18.385 0.035
 56709.273 18.478 0.030
 56710.277 18.554 0.032
 56711.288 18.654 0.030
 56712.301 18.791 0.025
 56713.274 18.875 0.029
 56714.256 18.881 0.031
 56714.258 19.006 0.035
 56715.322 18.945 0.034
 56717.261 19.296 0.036
 56718.276 19.351 0.044
 56719.297 19.458 0.042
 56720.258 19.520 0.041
 56721.283 19.653 0.056
 56722.265 19.632 0.047
 56723.266 19.808 0.054
 56724.248 19.789 0.046
 56725.225 19.837 0.053
 56727.224 19.967 0.060
 56729.211 20.237 0.091
filter V
 56685.343 16.731 0.012
 56686.367 16.624 0.009
 56687.335 16.544 0.010
 56688.357 16.452 0.012
 56689.342 16.396 0.011
 56690.363 16.340 0.010
 56691.348 16.326 0.013
 56692.360 16.300 0.012
 56693.349 16.290 0.014
 56694.347 16.280 0.013
 56695.357 16.326 0.013
 56696.336 16.329 0.013
 56697.324 16.387 0.016
 56698.338 16.404 0.010
 56699.311 16.454 0.014
 56700.315 16.476 0.013
 56701.320 16.521 0.015
 56702.310 16.570 0.014
 56703.305 16.598 0.020
 56704.333 16.644 0.016
 56707.292 16.829 0.016
 56708.291 16.901 0.014
 56709.267 16.941 0.015
 56710.279 17.003 0.016
 56711.291 17.061 0.016
 56712.304 17.106 0.015
 56714.240 17.227 0.011
 56714.241 17.224 0.011
 56715.310 17.253 0.018
 56717.253 17.400 0.017
 56718.269 17.483 0.016
 56719.287 17.568 0.017
 56720.262 17.600 0.017
 56721.276 17.676 0.019
 56722.268 17.699 0.017
 56723.257 17.774 0.013
 56724.236 17.845 0.015
 56725.230 17.905 0.012
 56726.220 17.986 0.016
 56727.213 18.040 0.016
 56729.186 18.175 0.023
 56742.199 18.663 0.017
 56755.205 19.009 0.020
filter B
 56685.344 16.662 0.029
 56686.365 16.550 0.047
 56687.336 16.430 0.051
 56688.361 16.369 0.049
 56689.344 16.318 0.049
 56690.364 16.358 0.050
 56691.349 16.236 0.048
 56692.358 16.228 0.049
 56693.346 16.402 0.037
 56694.345 16.402 0.050
 56695.354 16.314 0.049
 56696.340 16.425 0.052
 56697.322 16.490 0.051
 56698.339 16.458 0.049
 56699.312 16.571 0.049
 56700.313 16.621 0.056
 56701.318 16.591 0.068
 56702.311 16.667 0.074
 56703.303 16.646 0.133
 56704.328 16.778 0.089
 56707.293 17.175 0.064
 56708.292 17.340 0.063
 56709.266 17.425 0.057
 56710.280 17.547 0.056
 56711.292 17.586 0.053
 56712.305 17.762 0.053
 56713.278 17.839 0.053
 56714.244 18.067 0.074
 56714.246 18.061 0.072
 56715.312 18.066 0.066
 56715.313 18.036 0.057
 56717.252 18.201 0.052
 56718.266 18.143 0.055
 56719.283 18.359 0.054
 56720.268 18.443 0.053
 56721.274 18.575 0.054
 56722.269 18.636 0.057
 56723.255 18.684 0.051
 56724.234 18.737 0.048
 56725.232 18.777 0.048
 56726.222 18.894 0.048
 56727.210 18.945 0.050
 56729.184 18.994 0.059
 56742.202 19.440 0.047
filter Y
 56699.324 17.514 0.043
 56701.324 17.601 0.042
 56703.310 17.854 0.048
 56707.303 17.844 0.050
 56710.299 17.585 0.043
filter H
 56699.345 17.284 0.077
 56701.344 17.597 0.069
 56703.337 17.753 0.069
 56707.326 17.933 0.104
 56707.341 17.965 0.087
filter J
 56699.364 17.451 0.074
 56701.360 17.797 0.073
 56703.363 18.223 0.086
 56710.329 18.525 0.074
