CSP13aay 0.0590 51.3896 -53.7386
filter r
 56635.165 18.260 0.009
 56636.218 18.250 0.013
 56637.200 18.228 0.012
 56639.098 18.173 0.012
 56640.134 18.195 0.012
 56644.242 18.292 0.014
 56647.225 18.452 0.016
 56649.155 18.554 0.010
 56652.153 18.689 0.012
 56663.073 19.053 0.012
filter i
 56635.169 18.658 0.015
 56636.221 18.654 0.016
 56637.204 18.714 0.015
 56639.102 18.726 0.016
 56640.138 18.744 0.017
 56644.245 18.867 0.024
 56647.231 19.065 0.018
 56649.159 19.288 0.018
 56652.158 19.391 0.025
 56663.079 19.320 0.018
filter V
 56635.172 18.246 0.011
 56636.214 18.234 0.014
 56637.197 18.223 0.013
 56639.084 18.214 0.012
 56640.123 18.241 0.014
 56644.235 18.327 0.017
 56647.220 18.471 0.014
 56649.150 18.561 0.010
 56652.146 18.704 0.013
 56663.067 19.385 0.014
filter B
 56635.176 18.311 0.009
 56636.211 18.287 0.013
 56637.193 18.305 0.013
 56639.090 18.319 0.014
 56640.129 18.332 0.016
 56644.231 18.565 0.024
 56647.216 18.772 0.019
 56649.146 18.925 0.014
 56652.141 19.195 0.016
 56663.060 20.388 0.025
filter Y
 56636.200 18.558 0.014
 56637.228 18.636 0.017
 56638.225 18.727 0.013
 56643.158 19.075 0.038
 56651.089 19.312 0.021
filter J
 56636.216 18.652 0.020
 56637.242 18.702 0.023
 56638.248 18.850 0.023
 56643.180 19.368 0.052
 56648.247 19.912 0.052
 56651.110 20.224 0.051
