CSP13aao 0.0614 89.6266 -63.5606
filter Y
 56622.274 18.537 0.030
filter r
 56622.303 18.154 0.013
 56623.287 18.133 0.015
 56624.323 18.174 0.015
 56625.328 18.167 0.015
 56632.337 18.492 0.025
 56637.351 18.742 0.021
filter i
 56622.307 18.505 0.020
 56623.291 18.595 0.024
 56624.319 18.650 0.025
 56625.325 18.644 0.024
 56632.340 19.019 0.053
 56637.347 18.895 0.037
filter V
 56622.311 18.151 0.015
 56623.283 18.199 0.016
 56624.328 18.186 0.015
 56625.321 18.219 0.019
 56632.344 18.592 0.025
 56637.343 18.957 0.024
filter B
 56622.314 18.364 0.015
 56623.278 18.453 0.021
 56624.333 18.499 0.026
 56625.317 18.548 0.030
 56632.348 19.585 0.051
 56637.339 20.549 0.097
filter J
 56623.329 19.047 0.051
