CSP13abl 0.0404 99.5290 -75.7270
filter V
 56653.240 20.910 0.067
 56654.272 20.737 0.039
 56655.265 20.722 0.041
 56656.273 20.704 0.052
 56659.174 20.580 0.037
 56663.219 20.687 0.034
 56665.187 20.858 0.056
 56667.166 20.820 0.058
 56669.146 20.655 0.108
filter B
 56653.244 22.239 0.164
 56654.277 22.089 0.119
 56655.271 21.933 0.087
 56656.266 21.744 0.140
 56659.182 21.913 0.100
 56663.227 21.981 0.107
 56665.172 22.138 0.175
 56665.180 21.925 0.116
 56667.174 21.950 0.198
filter r
 56653.250 20.282 0.037
 56654.267 20.147 0.028
 56655.250 20.036 0.022
 56656.280 19.984 0.035
 56659.163 19.918 0.024
 56663.211 19.980 0.020
 56665.195 20.159 0.028
 56667.140 20.341 0.034
 56669.136 20.548 0.077
filter i
 56653.254 19.587 0.030
 56654.263 19.549 0.028
 56655.245 19.589 0.030
 56656.286 19.503 0.028
 56659.168 19.633 0.034
 56663.204 19.726 0.030
 56665.202 20.051 0.044
 56667.156 20.350 0.063
 56669.141 20.500 0.075
filter Y
 56654.263 18.437 0.018
 56670.189 19.247 0.029
filter H
 56654.282 17.968 0.031
 56670.216 18.732 0.064
filter J
 56654.311 18.094 0.017
