CSP13aam 0.0749 78.6979 -66.8414
filter B
 56620.354 18.524 0.057
 56622.278 18.411 0.019
 56623.265 18.448 0.025
 56624.289 18.453 0.024
 56631.319 18.735 0.020
 56639.204 19.354 0.034
filter V
 56620.363 18.493 0.100
 56622.282 18.421 0.017
 56623.260 18.415 0.018
 56624.294 18.389 0.018
 56631.315 18.533 0.017
 56639.198 18.933 0.026
 56646.244 19.386 0.035
 56653.232 19.806 0.035
filter Y
 56622.216 21.060 0.016
filter r
 56622.286 18.431 0.013
 56623.253 18.428 0.016
 56624.302 18.393 0.015
 56631.306 18.518 0.013
 56639.210 18.913 0.017
 56646.249 19.155 0.023
 56653.222 19.396 0.018
filter i
 56622.291 18.952 0.020
 56623.248 18.986 0.022
 56624.306 18.946 0.019
 56631.310 19.129 0.022
 56639.214 19.743 0.035
 56646.253 19.560 0.042
 56653.218 19.600 0.029
filter J
 56626.237 19.109 0.022
