CSP13aaf 0.0776 148.7843 6.8087
filter i
 56601.341 18.835 0.025
 56603.366 18.878 0.024
 56604.360 18.850 0.019
 56605.365 18.856 0.020
 56607.348 18.868 0.017
 56608.362 18.838 0.023
 56610.340 18.908 0.017
 56611.324 18.880 0.019
 56613.339 18.960 0.024
 56614.359 19.018 0.024
 56619.363 19.304 0.039
filter r
 56601.348 18.561 0.014
 56602.366 18.524 0.015
 56603.362 18.469 0.012
 56604.355 18.405 0.012
 56605.361 18.381 0.010
 56607.344 18.356 0.010
 56608.358 18.333 0.011
 56610.336 18.337 0.012
 56611.330 18.363 0.011
 56613.334 18.409 0.016
 56614.365 18.386 0.019
 56619.340 18.656 0.018
filter V
 56602.373 18.440 0.030
 56603.358 18.418 0.013
 56604.364 18.365 0.013
 56605.357 18.333 0.012
 56607.353 18.294 0.011
 56608.354 18.310 0.011
 56610.345 18.339 0.012
 56611.336 18.360 0.013
 56613.329 18.373 0.023
 56614.353 18.431 0.016
 56619.352 18.648 0.021
 56631.353 19.448 0.019
filter B
 56603.354 18.410 0.013
 56604.368 18.311 0.022
 56605.353 18.336 0.012
 56607.357 18.314 0.014
 56608.349 18.356 0.014
 56610.350 18.417 0.014
 56611.341 18.458 0.014
 56612.362 18.463 0.020
 56613.324 18.475 0.028
 56614.347 18.568 0.021
 56619.357 18.968 0.024
 56631.345 20.300 0.030
filter J
 56610.351 18.890 0.053
 56610.361 18.792 0.040
filter Y
 56612.336 19.001 0.055
 56613.336 19.063 0.059
 56618.308 19.147 0.054
