KISS13l 0.1320 168.7253 29.5850
filter Y
 56356.204 19.875 0.046
filter V
 56356.214 19.340 0.024
 56357.214 19.351 0.023
 56360.205 19.472 0.021
 56367.197 19.810 0.026
 56370.219 20.082 0.042
filter B
 56356.222 19.727 0.044
 56357.222 19.726 0.031
 56360.213 19.823 0.030
 56367.188 20.299 0.036
 56370.209 20.602 0.042
filter r
 56356.231 19.419 0.022
 56357.198 19.457 0.018
 56360.189 19.526 0.019
 56367.206 19.691 0.024
 56370.233 19.978 0.028
filter i
 56356.239 19.797 0.041
 56357.206 19.804 0.036
 56360.197 19.753 0.032
 56367.214 20.167 0.052
 56370.240 20.534 0.059
