LSQ13dby 0.0999 51.6785 -34.6349
filter B
 56622.113 19.306 0.014
 56623.104 19.241 0.015
 56624.128 19.199 0.014
 56625.157 19.153 0.013
 56630.140 19.170 0.019
 56631.176 19.193 0.015
 56632.238 19.265 0.014
 56637.147 19.494 0.021
 56645.208 20.179 0.055
 56662.208 21.828 0.067
filter V
 56622.117 19.267 0.015
 56623.110 19.181 0.016
 56624.124 19.128 0.016
 56625.161 19.082 0.015
 56630.135 19.022 0.017
 56631.201 19.081 0.016
 56632.232 19.053 0.014
 56637.153 19.243 0.016
 56645.212 19.687 0.037
 56662.200 20.927 0.036
filter r
 56622.121 19.406 0.014
 56623.114 19.291 0.014
 56624.113 19.215 0.016
 56625.168 19.147 0.014
 56630.127 19.078 0.016
 56631.189 19.046 0.031
 56632.219 19.123 0.012
 56637.159 19.252 0.014
 56645.217 19.627 0.025
 56662.192 20.307 0.021
filter i
 56622.125 19.622 0.021
 56623.118 19.608 0.023
 56624.118 19.534 0.023
 56625.164 19.505 0.024
 56630.131 19.532 0.027
 56631.195 19.501 0.028
 56632.245 19.514 0.021
 56637.166 19.691 0.023
 56645.221 20.103 0.045
 56662.185 20.252 0.033
filter Y
 56622.130 19.526 0.042
 56623.041 19.457 0.038
 56624.030 19.454 0.039
