LSQ12cdl 0.1079 193.4165 -18.5073
filter g
 56047.160 19.228 0.015
 56048.140 19.296 0.019
 56049.200 19.278 0.023
 56050.100 19.321 0.024
 56055.110 19.562 0.044
 56056.100 19.640 0.018
 56056.110 19.595 0.016
 56057.100 19.732 0.015
 56057.110 19.703 0.016
 56058.170 19.797 0.018
 56059.120 19.857 0.013
filter r
 56047.170 19.281 0.019
 56048.140 19.334 0.025
 56049.190 19.338 0.032
 56050.110 19.345 0.027
 56055.120 19.593 0.093
 56056.080 19.561 0.019
 56056.090 19.559 0.021
 56057.120 19.581 0.021
 56057.120 19.551 0.017
 56058.170 19.610 0.023
 56059.130 19.677 0.018
filter i
 56047.175 19.583 0.042
 56048.150 19.481 0.035
 56049.187 19.499 0.044
 56050.110 19.647 0.043
 56056.069 19.896 0.038
 56056.093 19.849 0.036
 56057.132 19.929 0.040
 56057.141 19.940 0.037
 56058.182 19.981 0.038
 56059.142 20.021 0.038
filter V
 56049.180 19.249 0.023
 56050.120 19.277 0.032
 56055.153 19.581 0.102
 56056.140 19.495 0.025
 56056.150 19.493 0.025
 56057.070 19.540 0.018
 56057.070 19.511 0.018
 56058.190 19.575 0.021
 56059.100 19.629 0.016
filter B
 56049.181 19.485 0.043
 56050.120 19.439 0.041
 56055.160 19.769 0.089
 56056.120 19.837 0.032
 56056.131 19.908 0.044
 56057.082 19.931 0.022
 56057.090 19.885 0.021
 56058.200 20.019 0.030
 56059.109 20.151 0.022
filter Y
 56050.016 19.790 0.051
 56050.028 19.757 0.041
 56050.040 19.758 0.041
 56051.140 19.725 0.045
 56055.033 19.916 0.037
 56058.097 19.960 0.034
 56059.089 19.888 0.031
filter J
 56050.052 20.288 0.076
 56050.094 20.457 0.089
 56055.069 20.566 0.070
 56058.134 20.866 0.087
