LSQ13pf 0.0860 207.0598 -11.6441
filter B
 56374.273 19.949 0.022
 56375.301 20.013 0.027
 56376.308 20.075 0.037
 56377.275 20.138 0.053
 56378.383 20.132 0.081
 56382.341 20.534 0.069
 56383.327 20.657 0.062
 56383.339 20.584 0.061
 56401.232 22.263 0.095
filter V
 56374.285 19.630 0.017
 56375.290 19.634 0.020
 56376.319 19.666 0.028
 56377.286 19.696 0.039
 56378.372 19.707 0.047
 56382.330 19.879 0.038
 56383.350 20.027 0.035
 56401.220 21.410 0.067
filter r
 56374.296 19.452 0.014
 56375.265 19.408 0.021
 56376.331 19.458 0.023
 56377.297 19.428 0.028
 56378.349 19.472 0.034
 56382.305 19.640 0.024
 56383.363 19.730 0.023
 56401.207 20.623 0.033
filter i
 56374.307 19.619 0.021
 56375.326 19.593 0.025
 56376.342 19.597 0.028
 56377.309 19.617 0.030
 56378.360 19.654 0.041
 56382.316 19.895 0.030
 56383.374 19.958 0.036
 56389.348 20.025 0.037
 56401.195 20.196 0.034
filter Y
 56375.355 19.573 0.044
 56376.297 19.661 0.029
 56377.303 19.668 0.046
 56377.355 19.711 0.051
 56378.311 19.815 0.047
 56379.334 19.719 0.062
 56383.286 19.819 0.043
 56384.348 19.819 0.045
filter H
 56375.367 19.838 0.169
filter J
 56379.316 19.931 0.095
