LSQ13dcy 0.0801 73.8184 -20.0015
filter r
 56621.355 19.237 0.025
 56622.257 19.152 0.017
 56623.225 19.147 0.014
 56624.262 19.080 0.020
 56625.284 19.064 0.015
 56633.267 19.152 0.027
 56641.202 19.559 0.028
filter i
 56621.363 19.319 0.038
 56622.253 19.319 0.018
 56623.236 19.325 0.021
 56624.266 19.348 0.021
 56625.280 19.343 0.023
 56633.272 19.508 0.026
 56641.209 19.901 0.037
filter J
 56622.186 19.256 0.026
 56623.201 19.392 0.031
filter V
 56622.262 19.262 0.018
 56623.220 19.213 0.016
 56624.272 19.210 0.019
 56625.288 19.159 0.016
 56633.277 19.360 0.022
 56641.194 19.823 0.035
filter B
 56622.266 19.376 0.025
 56623.214 19.357 0.021
 56624.276 19.351 0.022
 56625.292 19.342 0.023
 56633.282 19.812 0.029
 56641.172 20.642 0.065
filter Y
 56623.168 19.204 0.021
