PS1-13eao 0.0378 52.4848 -28.7716
filter Y
 56622.028 17.898 0.024
 56623.072 17.935 0.026
 56624.159 18.093 0.028
filter H
 56622.052 17.546 0.037
 56623.095 17.626 0.040
 56624.184 17.560 0.044
filter J
 56622.075 17.464 0.030
 56623.109 17.593 0.032
 56624.198 17.790 0.034
filter r
 56622.143 19.768 0.026
 56623.135 19.755 0.026
 56624.160 19.688 0.024
 56625.181 19.701 0.025
 56631.130 19.986 0.033
 56632.166 19.910 0.024
 56633.179 20.011 0.030
 56637.217 20.330 0.033
 56645.233 20.460 0.037
 56649.169 20.541 0.047
filter i
 56622.149 19.297 0.023
 56623.141 19.355 0.023
 56624.166 19.417 0.023
 56625.175 19.393 0.027
 56631.138 19.710 0.050
 56632.174 19.776 0.029
 56633.187 19.879 0.031
 56649.175 19.932 0.040
filter V
 56622.165 20.690 0.043
 56623.159 20.610 0.042
 56624.147 20.608 0.042
 56625.203 20.533 0.042
 56631.146 20.614 0.072
 56632.159 20.740 0.041
 56633.172 20.819 0.047
 56637.224 21.104 0.077
filter B
 56623.166 22.302 0.142
 56624.139 21.975 0.104
