PTF13dyt 0.1099 75.4511 2.6971
filter B
 56602.301 19.720 0.075
 56603.293 19.798 0.060
 56604.262 19.631 0.043
 56605.290 19.507 0.054
 56608.286 19.485 0.033
 56611.245 19.464 0.039
 56614.295 19.664 0.091
 56619.311 19.941 0.052
 56622.327 20.465 0.057
filter V
 56602.307 19.890 0.063
 56603.299 19.802 0.049
 56604.268 19.507 0.047
 56605.284 19.553 0.074
 56608.292 19.397 0.046
 56614.301 19.313 0.052
 56619.317 19.674 0.055
filter r
 56602.313 20.120 0.074
 56603.306 19.702 0.064
 56604.275 19.627 0.054
 56605.271 19.946 0.100
 56608.298 19.811 0.052
 56611.234 19.810 0.047
 56619.323 19.942 0.062
filter i
 56602.319 20.330 0.147
 56611.228 20.271 0.081
filter Y
 56607.325 18.542 0.033
 56612.230 18.276 0.022
 56617.279 18.192 0.028
