PTF13duj 0.0169 318.4366 13.5759
filter V
 56594.020 15.699 0.009
 56599.016 15.286 0.011
 56599.020 15.305 0.008
 56601.062 15.226 0.012
 56602.030 15.208 0.008
 56604.053 15.206 0.009
 56608.015 15.285 0.009
 56611.028 15.406 0.010
 56613.026 15.557 0.009
 56620.019 15.924 0.023
 56623.026 16.058 0.012
filter B
 56594.023 15.667 0.007
 56599.026 15.325 0.007
 56601.063 15.320 0.013
 56602.032 15.320 0.009
 56604.052 15.359 0.009
 56608.014 15.535 0.009
 56611.025 15.755 0.012
 56611.026 15.781 0.011
 56613.027 15.914 0.013
 56620.018 16.678 0.031
 56623.028 16.976 0.015
filter g
 56594.024 15.659 0.007
 56599.031 15.301 0.005
 56601.057 15.262 0.006
 56602.033 15.266 0.006
 56604.055 15.287 0.006
 56608.016 15.425 0.007
 56611.030 15.604 0.009
 56613.032 15.740 0.008
 56620.020 16.339 0.024
 56623.030 16.578 0.010
filter r
 56594.026 15.698 0.007
 56599.034 15.301 0.005
 56601.059 15.231 0.012
 56602.035 15.218 0.009
 56604.056 15.203 0.012
 56608.017 15.298 0.007
 56611.031 15.467 0.009
 56613.033 15.616 0.008
 56620.021 15.887 0.014
 56623.032 15.900 0.009
filter i
 56594.027 16.060 0.010
 56599.036 15.852 0.008
 56601.060 15.875 0.014
 56602.036 15.881 0.012
 56604.057 15.958 0.012
 56608.019 16.027 0.011
 56611.032 16.234 0.013
 56613.030 16.426 0.017
 56620.022 16.606 0.024
 56623.033 16.446 0.012
filter u
 56594.028 16.048 0.015
 56594.030 16.059 0.010
 56599.038 15.841 0.010
 56601.056 15.912 0.012
 56602.038 15.950 0.010
 56608.021 16.355 0.013
 56611.034 16.618 0.023
 56613.035 16.871 0.024
 56620.024 17.724 0.039
 56623.036 18.053 0.032
filter Y
 56611.999 16.644 0.011
 56617.020 16.554 0.009
filter H
 56612.013 16.419 0.014
 56617.036 16.395 0.022
filter J
 56612.022 16.939 0.012
 56617.046 17.399 0.021
