PTF13dwl 0.0874 319.2044 12.0141
filter V
 56601.008 18.782 0.016
 56602.056 18.731 0.013
 56603.018 18.690 0.013
 56605.020 18.625 0.018
 56608.039 18.583 0.017
 56609.020 18.622 0.021
 56609.029 18.607 0.017
 56612.035 18.698 0.020
 56614.032 18.752 0.024
 56622.020 19.107 0.017
filter B
 56601.013 18.846 0.018
 56602.060 18.797 0.013
 56603.013 18.723 0.013
 56605.015 18.721 0.020
 56608.044 18.703 0.019
 56609.041 18.719 0.021
 56612.040 18.880 0.030
 56614.038 18.964 0.036
 56622.026 19.554 0.022
filter g
 56601.033 18.794 0.012
filter r
 56601.037 18.858 0.017
 56602.048 18.796 0.014
 56603.024 18.752 0.013
 56605.025 18.681 0.015
 56608.029 18.661 0.015
 56609.051 18.667 0.022
 56612.046 18.724 0.020
 56614.045 18.746 0.019
filter i
 56601.041 19.066 0.022
 56602.052 19.056 0.021
 56603.028 19.108 0.022
 56605.029 19.142 0.030
 56605.033 19.073 0.024
 56608.034 19.159 0.025
 56609.057 19.128 0.031
 56612.051 19.244 0.035
 56614.050 19.309 0.035
filter u
 56601.047 19.052 0.024
filter Y
 56613.038 19.684 0.044
