PTF11ppn 0.0673 323.8414 26.9346
filter Y
 55868.008 18.901 0.038
 55871.010 19.038 0.035
 55875.001 18.749 0.031
filter V
 55868.013 19.209 0.030
 55869.006 19.265 0.029
 55870.010 19.487 0.038
 55871.011 19.512 0.048
 55872.013 19.644 0.054
 55873.013 19.892 0.073
 55875.028 19.903 0.070
 55878.016 20.139 0.054
 55879.009 20.139 0.097
 55880.014 20.302 0.056
filter B
 55868.028 19.880 0.054
 55869.015 20.169 0.058
 55870.018 20.270 0.068
 55871.020 20.344 0.119
 55872.023 20.643 0.115
filter i
 55868.039 19.286 0.041
 55875.047 19.416 0.077
 55875.051 19.509 0.082
 55878.048 19.332 0.045
 55879.043 19.252 0.041
 55880.047 19.546 0.044
filter r
 55868.047 18.909 0.020
 55869.033 19.014 0.019
 55870.036 19.108 0.023
 55871.042 19.141 0.027
 55872.040 19.230 0.031
 55875.056 19.480 0.064
 55875.061 19.601 0.068
 55878.040 19.577 0.036
filter g
 55868.064 19.720 0.039
 55869.070 19.735 0.038
 55870.052 19.924 0.047
 55871.058 19.921 0.061
 55872.056 20.050 0.073
filter J
 55869.005 19.521 0.078
 55873.001 19.439 0.073
 55878.002 19.137 0.112
