SN2007so 0.0297 41.9297 13.2541
filter g
 54449.167 18.337 0.010
 54453.087 18.847 0.019
 54457.099 19.178 0.048
 54458.079 19.277 0.039
 54462.067 19.454 0.017
 54464.101 19.492 0.016
 54467.098 19.586 0.017
 54469.045 19.557 0.021
filter r
 54449.171 17.488 0.009
 54453.091 17.758 0.011
 54457.104 18.059 0.018
 54458.084 18.158 0.014
 54462.072 18.335 0.011
 54464.106 18.407 0.011
 54467.102 18.494 0.012
 54469.049 18.580 0.014
filter i
 54449.176 17.471 0.010
 54453.096 17.538 0.011
 54457.110 17.839 0.016
 54458.089 17.922 0.016
 54462.077 18.134 0.012
 54464.111 18.214 0.013
 54467.107 18.392 0.017
 54469.054 18.441 0.016
filter u
 54449.180 19.789 0.064
 54453.100 20.396 0.162
 54462.061 20.884 0.111
 54464.095 21.143 0.132
filter V
 54449.184 17.865 0.011
 54453.104 18.211 0.017
 54457.080 18.583 0.035
 54458.058 18.673 0.031
 54462.050 18.804 0.017
 54464.082 18.911 0.018
 54467.115 18.952 0.017
 54469.062 19.043 0.018
filter B
 54449.189 18.771 0.013
 54453.109 19.291 0.035
 54457.086 19.624 0.099
 54458.066 19.783 0.088
 54462.055 19.950 0.031
 54464.088 20.067 0.034
 54467.120 20.183 0.040
filter Y
 54454.066 16.824 0.023
 54454.074 16.853 0.023
 54456.115 16.779 0.013
 54456.123 16.771 0.012
 54461.032 17.065 0.020
 54461.041 17.059 0.021
 54465.114 17.188 0.020
 54465.123 17.245 0.022
 54467.139 17.378 0.012
 54467.146 17.362 0.011
 54471.097 17.441 0.028
 54471.105 17.486 0.022
 54494.032 18.564 0.021
filter H
 54454.098 16.920 0.094
 54456.140 16.895 0.035
 54461.067 17.185 0.085
 54461.076 17.180 0.107
 54465.158 17.419 0.094
 54471.129 17.739 0.127
filter J
 54456.099 17.159 0.022
 54456.106 17.147 0.021
 54461.058 17.408 0.056
 54465.140 17.888 0.069
