SN2007ol 0.0559 24.3488 -0.3120
filter g
 54409.277 18.138 0.039
 54411.173 17.929 0.016
 54413.214 17.907 0.039
 54417.188 18.137 0.019
 54418.214 18.254 0.017
 54421.159 18.546 0.016
 54422.149 18.587 0.044
filter r
 54409.282 18.483 0.081
 54411.178 18.177 0.034
 54413.219 18.172 0.033
 54417.193 18.151 0.056
 54418.218 18.220 0.079
 54421.164 18.341 0.033
 54422.153 18.454 0.044
filter u
 54409.292 18.672 0.031
 54411.155 18.744 0.043
 54411.167 18.800 0.028
 54413.207 18.841 0.034
filter V
 54409.298 18.379 0.038
 54411.143 18.151 0.030
 54413.194 18.086 0.017
 54417.178 18.263 0.056
 54418.231 18.308 0.053
 54421.177 18.537 0.042
 54422.166 18.420 0.053
filter B
 54409.304 18.212 0.019
 54411.149 18.174 0.017
 54413.201 18.163 0.014
 54417.173 18.359 0.015
 54418.236 18.399 0.026
 54421.181 18.817 0.027
 54422.171 18.841 0.027
