SN2006fw 0.0829 26.7931 -0.1470
filter g
 54001.223 18.796 0.018
 54007.278 18.968 0.018
 54013.233 19.322 0.024
 54018.310 19.995 0.036
 54025.221 20.543 0.025
 54039.224 21.223 0.067
filter r
 54001.235 18.900 0.011
 54007.290 18.931 0.012
 54013.245 19.195 0.020
 54018.319 19.493 0.025
 54025.229 19.759 0.019
 54039.233 20.425 0.036
filter i
 54001.246 19.132 0.018
 54007.306 18.830 0.030
 54013.257 19.088 0.034
 54018.327 19.578 0.040
 54025.237 19.672 0.028
 54039.241 19.868 0.040
filter u
 54001.257 19.933 0.034
 54007.264 20.615 0.053
filter V
 54001.269 19.189 0.018
 54007.238 18.893 0.014
 54013.195 19.126 0.026
 54018.276 19.753 0.041
 54025.245 20.479 0.050
 54039.201 20.957 0.059
filter B
 54001.280 19.206 0.012
 54007.251 19.347 0.013
 54013.207 19.728 0.041
 54018.287 20.533 0.085
 54025.254 21.291 0.055
