SN2008hv 0.0125 136.8919 3.3923
filter Y
 54804.278 17.280 0.013
 54804.287 17.274 0.012
 54811.290 15.383 0.012
 54811.300 15.411 0.011
 54812.266 15.359 0.008
 54812.275 15.357 0.007
 54815.325 15.510 0.014
 54815.333 15.525 0.015
 54822.299 16.159 0.015
 54822.309 16.167 0.014
 54828.280 16.352 0.015
 54828.288 16.348 0.013
 54829.232 16.316 0.012
 54829.248 16.322 0.017
 54833.261 16.134 0.014
 54833.270 16.100 0.015
 54839.178 15.569 0.010
 54839.184 15.577 0.010
 54849.268 15.764 0.012
 54849.276 15.769 0.016
 54854.265 16.090 0.013
 54854.274 16.088 0.013
 54868.145 16.971 0.020
 54868.154 16.985 0.021
 54875.132 17.339 0.018
 54875.141 17.333 0.026
 54887.156 17.970 0.036
 54887.165 17.996 0.037
 54889.164 18.131 0.052
 54889.173 18.046 0.047
 54895.075 18.212 0.051
 54895.085 18.283 0.051
 54899.116 18.339 0.069
 54912.191 18.774 0.067
 54912.199 18.710 0.068
filter J
 54804.296 17.201 0.015
 54804.305 17.102 0.015
 54811.309 15.305 0.013
 54811.319 15.295 0.012
 54812.284 15.241 0.009
 54812.293 15.234 0.009
 54815.341 15.341 0.015
 54815.356 15.337 0.013
 54822.317 16.127 0.016
 54822.326 16.203 0.016
 54828.303 17.130 0.035
 54828.314 17.103 0.034
 54829.256 17.158 0.045
 54829.264 17.117 0.031
 54833.279 17.177 0.032
 54833.288 17.110 0.024
 54839.192 16.628 0.013
 54839.198 16.614 0.013
 54849.284 17.000 0.024
 54849.292 17.028 0.025
 54854.283 17.572 0.036
 54854.293 17.514 0.036
 54868.162 18.443 0.100
 54868.170 18.634 0.100
 54875.149 18.948 0.112
 54875.166 19.155 0.112
filter H
 54804.312 17.145 0.023
 54811.328 15.502 0.021
 54811.337 15.473 0.030
 54811.346 15.521 0.019
 54811.355 15.561 0.033
 54812.302 15.502 0.017
 54812.311 15.463 0.017
 54822.334 15.988 0.021
 54822.344 15.993 0.019
 54828.322 16.187 0.025
 54828.331 16.165 0.025
 54829.272 16.065 0.100
 54829.281 16.155 0.029
 54833.297 16.010 0.022
 54833.306 16.003 0.017
 54839.205 15.761 0.019
 54839.211 15.764 0.021
 54849.301 16.332 0.036
 54849.309 16.336 0.033
 54854.301 16.634 0.044
 54854.311 16.700 0.046
 54868.178 17.252 0.047
 54868.187 17.283 0.048
 54875.174 17.549 0.065
 54875.183 17.584 0.074
filter g
 54806.282 16.329 0.008
 54808.296 15.656 0.004
 54809.284 15.402 0.005
 54810.308 15.219 0.007
 54813.298 14.896 0.006
 54817.260 14.798 0.008
 54818.258 14.792 0.007
 54827.248 15.305 0.006
 54830.226 15.574 0.008
 54831.262 15.704 0.007
 54834.338 16.030 0.007
 54837.298 16.342 0.004
 54838.291 16.448 0.009
 54839.252 16.568 0.007
 54840.230 16.704 0.008
 54841.233 16.789 0.009
 54842.364 16.898 0.010
 54842.364 16.898 0.010
 54844.294 17.066 0.010
 54856.246 17.579 0.011
 54867.201 17.778 0.009
 54870.245 17.918 0.015
 54874.129 17.957 0.012
 54878.140 18.005 0.012
 54884.186 18.099 0.016
filter r
 54806.286 16.352 0.011
 54808.300 15.733 0.005
 54809.288 15.482 0.009
 54810.313 15.289 0.009
 54813.301 15.016 0.005
 54817.264 14.873 0.008
 54818.261 14.869 0.008
 54827.251 15.436 0.005
 54830.229 15.584 0.011
 54831.265 15.627 0.008
 54834.342 15.670 0.009
 54837.301 15.720 0.005
 54838.294 15.736 0.009
 54839.255 15.788 0.006
 54840.233 15.856 0.006
 54841.236 15.912 0.009
 54842.368 16.002 0.008
 54842.368 16.002 0.008
 54844.298 16.163 0.008
 54856.249 16.837 0.012
 54867.206 17.183 0.010
 54870.250 17.357 0.010
 54874.133 17.484 0.010
 54878.144 17.584 0.017
 54884.192 17.766 0.020
filter i
 54806.291 16.669 0.011
 54808.304 15.986 0.008
 54809.292 15.728 0.011
 54810.319 15.551 0.010
 54813.305 15.396 0.007
 54817.267 15.545 0.009
 54818.264 15.538 0.009
 54827.255 16.232 0.008
 54830.232 16.295 0.011
 54831.268 16.293 0.012
 54834.346 16.193 0.010
 54837.304 16.088 0.007
 54838.298 16.047 0.011
 54839.258 16.024 0.008
 54840.237 16.043 0.009
 54841.239 16.072 0.009
 54842.372 16.122 0.008
 54842.372 16.122 0.008
 54844.302 16.264 0.009
 54856.253 17.055 0.014
 54867.210 17.460 0.017
 54870.255 17.649 0.016
 54874.137 17.786 0.018
 54878.148 17.935 0.027
 54884.197 18.140 0.027
filter u
 54806.295 17.004 0.015
 54809.298 15.770 0.010
 54810.301 15.576 0.011
 54813.293 15.304 0.014
 54817.271 15.309 0.013
 54818.269 15.381 0.012
 54827.259 16.327 0.011
 54830.237 16.779 0.013
 54831.273 16.967 0.012
 54837.309 17.834 0.016
 54838.302 17.975 0.017
 54839.263 18.131 0.018
 54840.241 18.186 0.024
 54841.244 18.310 0.032
 54842.358 18.415 0.051
 54842.358 18.405 0.051
 54844.287 18.458 0.035
 54856.257 18.997 0.027
 54867.215 19.270 0.035
 54874.143 19.364 0.066
 54878.154 19.461 0.033
 54884.179 19.606 0.033
filter B
 54806.304 16.416 0.008
 54808.317 15.716 0.006
 54809.309 15.469 0.006
 54810.294 15.285 0.006
 54813.288 14.957 0.006
 54817.279 14.861 0.009
 54818.277 14.871 0.007
 54827.267 15.531 0.005
 54830.245 15.901 0.007
 54831.281 16.049 0.006
 54834.326 16.436 0.007
 54837.316 16.782 0.008
 54838.310 16.896 0.009
 54839.272 17.006 0.008
 54840.249 17.109 0.011
 54841.252 17.239 0.013
 54842.352 17.304 0.016
 54842.352 17.304 0.016
 54844.280 17.470 0.017
 54856.265 17.976 0.011
 54867.225 18.196 0.011
 54870.231 18.258 0.022
 54874.154 18.332 0.019
 54878.165 18.395 0.013
 54884.170 18.456 0.012
filter V
 54806.308 16.337 0.007
 54808.313 15.732 0.005
 54809.304 15.491 0.008
 54810.288 15.334 0.006
 54813.284 15.001 0.006
 54817.276 14.865 0.007
 54818.273 14.859 0.008
 54827.264 15.266 0.004
 54830.242 15.460 0.008
 54831.278 15.546 0.005
 54834.321 15.726 0.007
 54837.313 15.907 0.005
 54838.307 15.969 0.008
 54839.268 16.062 0.007
 54840.246 16.144 0.008
 54841.249 16.230 0.009
 54842.348 16.328 0.009
 54842.348 16.328 0.009
 54844.272 16.485 0.009
 54856.262 17.080 0.011
 54867.220 17.336 0.011
 54870.165 17.519 0.013
 54870.225 17.494 0.011
 54874.150 17.610 0.011
 54878.160 17.692 0.012
 54884.163 17.814 0.013
