SN2007A 0.0176 6.3194 12.8868
filter Y
 54107.021 15.910 0.021
 54107.030 15.902 0.018
 54109.028 15.864 0.027
 54109.037 15.865 0.030
 54111.054 15.972 0.019
 54111.063 16.004 0.020
 54115.030 16.395 0.026
 54115.039 16.381 0.023
 54120.017 16.667 0.043
 54120.027 16.751 0.029
 54122.019 16.823 0.065
 54122.027 16.913 0.063
 54124.016 16.947 0.102
 54124.025 16.971 0.062
 54126.024 16.977 0.058
 54126.033 16.881 0.061
 54132.016 16.705 0.080
 54132.025 16.599 0.052
filter J
 54107.038 15.777 0.027
 54107.047 15.811 0.024
 54109.047 15.686 0.028
 54109.056 15.707 0.028
 54115.048 16.075 0.046
 54115.056 16.019 0.104
 54120.036 16.478 0.056
 54120.045 16.604 0.061
 54124.034 17.282 0.132
 54124.042 17.191 0.098
filter g
 54108.028 16.012 0.007
 54110.043 15.881 0.007
 54112.038 15.834 0.006
 54123.024 16.204 0.018
 54128.025 16.553 0.016
 54133.021 17.015 0.032
filter r
 54108.031 15.845 0.006
 54110.048 15.738 0.007
 54112.042 15.674 0.006
 54119.026 15.766 0.006
 54121.030 15.857 0.006
 54123.028 16.015 0.008
 54128.031 16.333 0.009
 54133.026 16.426 0.013
filter i
 54108.034 16.062 0.007
 54110.053 16.035 0.014
 54112.046 16.093 0.007
 54119.030 16.335 0.009
 54121.035 16.471 0.009
 54123.033 16.628 0.013
 54127.037 16.922 0.015
 54128.036 16.943 0.016
 54131.033 16.924 0.013
 54133.030 16.862 0.017
filter V
 54108.042 15.929 0.007
 54110.031 15.828 0.011
 54110.059 15.812 0.007
 54112.024 15.725 0.009
 54119.039 15.829 0.005
 54121.043 15.889 0.006
 54127.027 16.258 0.012
 54131.024 16.512 0.019
 54133.034 16.565 0.017
filter u
 54108.046 16.501 0.014
 54112.033 16.433 0.016
 54119.035 16.906 0.021
 54121.039 17.122 0.040
 54123.037 17.375 0.040
filter B
 54108.050 16.075 0.014
 54110.037 16.022 0.010
 54112.029 15.961 0.009
 54119.044 16.176 0.006
 54121.048 16.309 0.007
 54123.046 16.442 0.012
 54127.032 16.784 0.017
 54131.028 17.233 0.040
filter H
 54111.035 15.996 0.043
 54111.045 16.097 0.047
 54122.044 16.385 0.170
