SN2005ku 0.0454 344.9275 -0.0137
filter g
 53699.055 17.620 0.014
 53702.062 17.739 0.014
 53707.069 18.020 0.015
 53712.041 18.509 0.026
 53716.064 18.965 0.047
 53729.053 19.905 0.055
filter r
 53699.057 17.566 0.016
 53702.065 17.501 0.014
 53707.073 17.734 0.014
 53712.043 18.012 0.020
 53716.068 18.181 0.023
 53729.056 18.709 0.039
 53739.032 19.139 0.080
filter i
 53699.060 18.022 0.025
 53702.067 18.181 0.025
 53707.077 18.341 0.024
 53712.046 18.819 0.046
 53716.071 18.780 0.049
 53729.050 18.742 0.043
 53739.034 19.302 0.105
filter u
 53699.063 18.679 0.030
 53702.071 18.861 0.038
 53707.064 19.308 0.079
filter V
 53699.067 17.677 0.017
 53702.074 17.649 0.013
 53707.051 17.814 0.018
 53712.053 18.148 0.023
 53716.055 18.251 0.032
 53729.063 19.080 0.054
filter B
 53699.070 17.748 0.016
 53702.077 17.848 0.019
 53707.057 18.140 0.014
 53712.056 18.619 0.023
 53716.060 19.072 0.054
filter Y
 53700.054 18.050 0.133
 53709.076 18.825 0.157
 53715.050 18.403 0.093
