SN2014Z 0.0213 26.0333 -61.1187
filter B
 56723.004 15.651 0.008
 56724.000 15.676 0.011
 56725.004 15.734 0.009
 56725.997 15.761 0.010
 56726.997 15.818 0.014
 56728.995 15.943 0.013
 56731.016 16.136 0.010
filter V
 56723.005 15.648 0.007
 56724.002 15.654 0.008
 56725.002 15.660 0.007
 56726.001 15.686 0.010
 56727.000 15.697 0.012
 56728.996 15.786 0.012
 56731.014 15.898 0.009
filter g
 56723.007 15.603 0.005
 56724.003 15.620 0.006
 56725.005 15.650 0.005
 56726.003 15.680 0.007
 56727.001 15.733 0.009
 56728.997 15.847 0.008
 56731.004 15.978 0.007
filter r
 56723.008 15.647 0.009
 56724.005 15.668 0.007
 56725.007 15.681 0.007
 56726.004 15.686 0.008
 56727.002 15.735 0.007
 56728.999 15.841 0.009
 56731.002 16.027 0.007
filter i
 56723.009 16.327 0.009
 56724.006 16.345 0.010
 56725.008 16.366 0.010
 56726.005 16.359 0.010
 56727.003 16.421 0.013
 56729.000 16.585 0.014
 56731.001 16.817 0.016
filter u
 56723.011 16.323 0.012
 56724.008 16.366 0.014
 56725.010 16.459 0.015
 56726.009 16.526 0.031
 56727.005 16.617 0.028
 56727.006 16.637 0.026
 56729.001 16.789 0.040
 56729.002 16.792 0.043
 56731.010 17.073 0.035
filter Y
 56723.994 16.655 0.056
 56725.995 16.794 0.056
filter H
 56724.006 16.697 0.028
 56726.011 16.810 0.027
filter J
 56724.011 16.482 0.053
 56726.022 16.688 0.053
