SN2013bc 0.0225 197.5888 -7.1734
filter Y
 56385.237 17.182 0.040
 56399.184 17.327 0.039
filter H
 56385.252 16.878 0.048
 56399.197 17.179 0.043
filter J
 56385.258 17.121 0.041
 56399.160 17.883 0.038
filter g
 56385.276 17.947 0.009
 56386.233 17.973 0.008
 56387.198 18.036 0.011
 56388.205 18.121 0.009
 56389.269 18.257 0.010
 56390.116 18.360 0.015
 56391.225 18.528 0.010
 56397.305 19.478 0.016
 56400.191 19.712 0.021
 56403.055 19.935 0.041
filter r
 56385.281 17.436 0.014
 56386.237 17.427 0.012
 56387.202 17.406 0.014
 56388.209 17.429 0.015
 56389.273 17.456 0.013
 56390.120 17.467 0.021
 56391.229 17.553 0.010
 56397.295 17.999 0.020
 56400.196 18.237 0.020
 56403.060 18.462 0.021
 56411.281 19.197 0.033
filter i
 56385.286 17.543 0.011
 56386.242 17.556 0.010
 56387.207 17.565 0.011
 56388.231 17.576 0.013
 56389.278 17.598 0.012
 56390.125 17.625 0.023
 56391.239 17.691 0.009
 56397.300 17.943 0.013
 56400.202 18.085 0.017
 56403.065 18.250 0.017
 56411.288 18.988 0.028
filter u
 56385.294 19.887 0.038
 56386.250 19.972 0.036
 56387.215 20.075 0.034
 56388.223 20.166 0.036
 56389.285 20.341 0.041
 56390.132 20.497 0.046
 56391.246 20.809 0.072
filter V
 56385.302 17.654 0.009
 56386.229 17.623 0.009
 56387.194 17.661 0.009
 56388.201 17.690 0.013
 56389.293 17.734 0.010
 56390.141 17.802 0.016
 56391.254 17.917 0.011
 56397.289 18.618 0.015
 56400.176 18.843 0.015
 56403.071 19.050 0.019
 56411.272 19.631 0.051
filter B
 56385.306 18.379 0.015
 56386.224 18.452 0.012
 56387.189 18.564 0.014
 56388.196 18.692 0.016
 56389.298 18.831 0.017
 56390.145 19.004 0.024
 56391.260 19.175 0.018
 56397.283 20.189 0.036
 56400.184 20.417 0.034
 56403.077 20.355 0.063
