SN2009le 0.0178 32.3214 -23.4124
filter Y
 55153.005 17.025 0.021
 55153.017 16.981 0.021
 55154.179 16.579 0.017
 55154.188 16.596 0.017
filter H
 55153.027 17.030 0.055
 55153.040 16.926 0.057
 55154.197 16.656 0.044
 55154.206 16.665 0.040
filter J
 55153.054 16.877 0.019
 55153.062 16.856 0.021
 55154.215 16.481 0.012
 55154.224 16.444 0.014
filter g
 55155.100 16.274 0.008
 55156.130 16.029 0.007
 55157.110 15.833 0.010
 55164.150 15.319 0.006
 55165.070 15.304 0.013
 55166.100 15.303 0.012
 55167.130 15.323 0.013
 55168.120 15.332 0.006
 55169.080 15.334 0.014
filter i
 55155.110 16.603 0.012
 55156.150 16.344 0.011
 55157.120 16.181 0.012
 55164.160 15.870 0.010
 55165.080 15.875 0.011
 55166.110 15.912 0.013
 55167.140 15.920 0.014
 55168.130 15.945 0.010
 55169.090 15.982 0.013
filter r
 55155.110 16.289 0.010
 55156.140 16.056 0.009
 55157.110 15.869 0.012
 55164.160 15.303 0.008
 55165.070 15.270 0.010
 55166.110 15.260 0.012
 55167.140 15.266 0.014
 55168.120 15.286 0.011
 55169.090 15.277 0.012
filter u
 55155.120 17.046 0.011
 55156.130 16.660 0.014
 55157.100 16.425 0.010
 55164.150 15.908 0.009
 55165.060 15.927 0.009
 55166.100 15.982 0.010
 55167.130 16.032 0.012
 55168.110 16.092 0.010
 55169.080 16.151 0.011
filter B
 55155.130 16.364 0.008
 55156.120 16.108 0.006
 55156.160 16.097 0.009
 55157.090 15.925 0.006
 55164.140 15.414 0.005
 55165.060 15.418 0.008
 55166.090 15.408 0.007
 55167.120 15.418 0.007
 55168.100 15.448 0.011
 55169.060 15.481 0.008
filter V
 55155.140 16.282 0.011
 55156.110 16.067 0.008
 55156.150 16.066 0.008
 55157.090 15.901 0.006
 55164.130 15.328 0.007
 55165.050 15.310 0.008
 55166.090 15.281 0.008
 55167.120 15.285 0.009
 55168.100 15.261 0.011
 55169.070 15.302 0.009
