SN2006hx 0.0455 18.4888 0.3717
filter V
 54012.149 18.208 0.036
 54013.146 18.051 0.020
 54024.168 17.589 0.020
 54028.214 17.639 0.011
 54036.183 18.043 0.014
 54038.144 18.166 0.017
 54040.149 18.408 0.033
 54049.121 19.012 0.041
 54052.205 19.109 0.026
 54060.081 19.480 0.038
filter B
 54012.156 18.352 0.044
 54013.152 18.291 0.028
 54024.168 17.737 0.009
 54028.220 17.867 0.014
 54036.187 18.638 0.018
 54038.150 18.839 0.028
 54040.155 19.122 0.033
 54052.210 20.059 0.062
 54060.087 20.836 0.093
filter u
 54012.164 18.700 0.065
 54013.159 18.328 0.050
 54024.168 18.505 0.024
 54028.225 18.939 0.036
 54036.194 19.904 0.068
filter g
 54012.172 18.385 0.066
 54013.166 18.181 0.019
 54024.168 17.512 0.022
 54028.230 17.794 0.019
 54036.200 18.424 0.018
 54038.163 18.608 0.019
 54040.169 18.720 0.020
 54049.140 19.665 0.032
 54052.188 19.910 0.029
 54060.102 20.263 0.039
 54080.085 20.579 0.058
filter r
 54013.171 18.386 0.034
 54028.235 17.585 0.018
 54036.205 18.005 0.017
 54038.168 18.043 0.018
 54040.174 18.107 0.026
 54049.145 18.517 0.044
 54052.192 18.678 0.034
 54060.108 18.915 0.038
 54066.174 19.336 0.049
 54080.090 19.869 0.061
filter i
 54013.175 18.106 0.027
 54028.240 18.016 0.032
 54036.210 18.426 0.045
 54038.173 18.587 0.036
 54040.180 18.537 0.040
 54052.196 18.480 0.030
 54060.115 18.977 0.028
 54066.179 19.163 0.057
filter Y
 54013.256 18.112 0.034
 54013.264 18.112 0.036
 54037.195 18.563 0.038
 54040.159 18.363 0.035
 54040.168 18.324 0.035
 54048.181 17.846 0.033
 54048.189 17.863 0.034
filter J
 54013.275 18.021 0.028
 54013.284 17.929 0.025
 54037.170 19.256 0.058
 54037.178 19.308 0.063
 54048.200 18.604 0.039
 54048.209 18.663 0.042
filter H
 54013.292 18.105 0.072
 54013.300 17.977 0.063
 54037.204 18.620 0.073
 54037.212 18.529 0.071
 54040.195 18.435 0.069
 54040.203 18.417 0.064
 54048.218 17.976 0.064
 54048.225 18.056 0.070
