SN2009I 0.0261 41.2933 -4.7137
filter Y
 54846.056 16.986 0.017
 54846.066 17.006 0.021
 54849.024 17.049 0.027
 54849.032 17.099 0.028
 54853.024 17.369 0.026
 54853.033 17.380 0.024
 54857.086 17.674 0.049
 54857.094 17.727 0.038
 54860.055 17.863 0.042
 54860.063 17.855 0.043
filter J
 54846.076 16.743 0.019
 54846.086 16.791 0.020
 54849.040 16.792 0.025
 54849.048 16.765 0.028
 54853.047 16.946 0.028
 54853.056 16.932 0.024
 54857.102 17.118 0.051
 54857.110 17.189 0.084
 54860.071 17.516 0.053
 54860.079 17.583 0.056
filter H
 54846.095 16.898 0.049
 54846.105 16.884 0.044
 54849.056 16.909 0.055
 54849.065 17.018 0.069
 54853.065 17.129 0.066
 54853.075 17.113 0.066
 54857.128 17.420 0.176
filter g
 54848.065 18.135 0.010
 54855.080 18.107 0.009
 54856.056 18.132 0.011
 54866.051 18.649 0.016
 54867.062 18.713 0.020
filter r
 54848.070 17.414 0.010
 54855.085 17.320 0.008
 54856.060 17.351 0.009
 54866.055 17.892 0.012
 54867.066 17.937 0.013
filter i
 54848.074 17.443 0.012
 54855.090 17.595 0.013
 54856.064 17.632 0.012
 54866.060 18.296 0.019
 54867.071 18.362 0.022
filter u
 54848.078 19.415 0.049
 54855.074 19.667 0.056
 54856.069 19.805 0.050
filter V
 54848.083 17.774 0.013
 54855.062 17.722 0.009
 54856.075 17.746 0.014
 54866.072 18.183 0.016
 54867.092 18.286 0.022
filter B
 54848.087 18.427 0.015
 54855.068 18.405 0.015
 54856.079 18.479 0.014
 54866.076 19.131 0.035
 54867.088 19.215 0.047
