SN2012U 0.0197 31.5180 -55.1938
filter V
 55957.029 15.867 0.009
 55958.031 15.910 0.007
 55964.077 16.326 0.008
 55967.041 16.511 0.008
 55971.039 16.786 0.010
filter B
 55957.034 16.130 0.008
 55958.038 16.221 0.011
 55964.082 16.997 0.013
 55967.047 17.334 0.014
 55971.034 17.764 0.013
filter i
 55957.041 16.573 0.014
 55958.046 16.660 0.008
 55964.065 16.713 0.010
 55970.040 16.589 0.010
 55972.041 16.547 0.007
filter r
 55957.046 15.904 0.008
 55958.052 15.966 0.008
 55964.060 16.245 0.007
 55970.036 16.379 0.010
 55972.046 16.411 0.006
filter u
 55957.093 17.089 0.017
 55958.059 17.191 0.012
 55964.071 18.221 0.028
filter g
 55957.100 15.963 0.009
 55958.065 16.035 0.009
 55964.053 16.639 0.009
 55970.028 17.260 0.009
 55972.050 17.476 0.009
