SN2011jt 0.0278 223.3459 2.9620
filter B
 55934.361 17.018 0.010
 55936.375 17.099 0.017
 55940.370 17.513 0.012
 55942.378 17.763 0.021
 55944.364 17.994 0.010
 55954.364 19.096 0.016
filter V
 55934.365 16.694 0.009
 55936.371 16.755 0.010
 55940.375 16.994 0.009
 55944.357 17.286 0.008
 55954.369 17.886 0.009
filter i
 55934.369 17.251 0.014
 55939.373 17.722 0.018
 55940.365 17.785 0.010
 55942.367 17.943 0.013
 55944.343 17.989 0.011
 55954.358 17.637 0.009
filter g
 55936.358 16.937 0.011
 55936.367 16.922 0.012
 55937.362 17.026 0.035
 55937.366 16.984 0.009
 55939.364 17.128 0.007
 55940.348 17.228 0.008
 55941.362 17.335 0.038
 55941.366 17.318 0.007
 55942.362 17.410 0.008
 55944.352 17.621 0.008
 55954.323 18.612 0.011
filter r
 55939.369 16.911 0.007
 55940.360 17.017 0.009
 55941.378 17.060 0.009
 55944.348 17.236 0.007
 55954.353 17.378 0.007
filter u
 55940.354 18.672 0.035
 55941.372 18.754 0.035
 55954.332 20.441 0.048
