SN2006ob 0.0592 27.9505 0.2634
filter V
 54060.129 18.365 0.016
 54065.066 18.255 0.013
 54073.095 18.677 0.029
 54075.123 18.796 0.029
 54079.135 19.152 0.024
 54084.069 19.685 0.041
 54092.066 20.401 0.049
 54104.070 20.811 0.120
 54112.059 20.932 0.067
 54121.080 21.150 0.118
filter B
 54060.137 18.413 0.012
 54065.072 18.386 0.014
 54073.102 19.103 0.049
 54075.128 19.470 0.045
 54079.140 20.034 0.036
filter u
 54060.145 18.421 0.036
 54065.078 18.760 0.038
filter g
 54060.152 18.315 0.013
 54065.085 18.248 0.009
 54073.115 18.900 0.030
 54075.106 19.120 0.031
 54079.154 19.716 0.024
 54084.052 20.291 0.038
 54087.055 20.626 0.037
 54092.092 20.940 0.053
filter r
 54060.157 18.378 0.014
 54065.090 18.224 0.011
 54073.120 18.580 0.023
 54075.110 18.735 0.021
 54079.159 18.890 0.016
 54084.056 19.165 0.024
 54087.059 19.424 0.022
 54092.098 19.843 0.030
 54100.062 20.055 0.095
 54104.054 20.356 0.060
 54108.066 20.394 0.030
 54112.087 20.523 0.042
 54121.064 20.591 0.063
filter i
 54060.162 18.607 0.019
 54065.095 18.616 0.019
 54073.125 19.166 0.036
 54075.114 19.313 0.033
 54079.163 19.132 0.031
 54084.061 19.100 0.039
 54087.064 19.268 0.026
 54092.104 19.678 0.040
 54100.068 20.158 0.126
 54104.062 20.331 0.076
 54108.073 20.631 0.067
 54112.095 20.601 0.079
filter Y
 54066.117 18.825 0.034
 54072.104 18.996 0.119
 54074.132 18.805 0.108
 54077.068 18.612 0.122
 54083.058 18.566 0.091
 54083.073 18.391 0.081
 54090.029 18.636 0.058
 54090.045 18.539 0.059
 54100.075 19.238 0.055
filter J
 54066.136 18.885 0.051
 54066.144 18.930 0.053
filter H
 54066.152 18.893 0.100
 54066.160 19.154 0.135
