SN2008go 0.0624 332.6868 -20.7881
filter Y
 54764.040 18.558 0.086
 54764.050 18.684 0.104
 54767.090 18.762 0.072
 54767.099 18.806 0.076
 54769.047 19.008 0.108
 54775.004 18.985 0.117
 54775.014 18.962 0.106
filter V
 54765.094 18.096 0.009
 54766.040 18.070 0.008
 54768.057 18.073 0.011
 54770.017 18.137 0.013
 54772.083 18.191 0.012
 54776.055 18.409 0.012
filter B
 54765.101 18.193 0.009
 54766.048 18.190 0.009
 54768.061 18.244 0.013
 54770.022 18.374 0.015
 54772.088 18.491 0.013
 54776.062 18.843 0.027
filter u
 54765.111 19.144 0.027
 54766.057 19.189 0.025
 54768.051 19.356 0.030
 54770.011 19.532 0.055
 54772.077 19.823 0.033
 54776.072 20.223 0.064
filter g
 54765.120 18.043 0.007
 54766.067 18.027 0.008
 54768.036 18.081 0.007
 54769.997 18.173 0.020
 54772.063 18.279 0.010
 54776.081 18.618 0.011
filter r
 54765.127 18.047 0.008
 54766.073 18.037 0.008
 54768.040 18.013 0.009
 54770.001 18.030 0.011
 54772.067 18.113 0.014
 54776.088 18.322 0.010
filter i
 54765.134 18.542 0.015
 54766.080 18.543 0.013
 54768.045 18.537 0.015
 54770.005 18.603 0.039
 54772.071 18.683 0.019
 54776.095 19.040 0.026
