SN2008bd 0.0301 154.5972 -13.1031
filter i
 54541.198 18.337 0.044
 54542.119 18.191 0.017
 54543.141 18.266 0.018
 54547.175 18.403 0.027
 54548.177 18.468 0.024
 54549.163 18.604 0.023
 54551.159 18.929 0.045
 54552.279 18.922 0.026
 54560.136 19.460 0.041
 54564.166 19.695 0.041
 54570.107 20.076 0.073
 54575.157 20.189 0.085
 54576.114 20.269 0.079
 54580.086 20.343 0.071
 54589.090 20.749 0.115
 54592.133 20.834 0.121
filter r
 54541.203 18.089 0.014
 54542.113 18.166 0.014
 54543.137 18.243 0.016
 54547.171 18.617 0.025
 54548.173 18.672 0.023
 54549.159 18.743 0.019
 54551.154 18.958 0.021
 54552.274 19.042 0.022
 54570.103 20.070 0.044
filter g
 54541.207 19.173 0.021
 54542.108 19.273 0.023
 54547.166 19.762 0.054
 54548.169 19.873 0.075
 54549.155 20.015 0.048
 54551.148 20.161 0.043
 54552.269 20.280 0.068
 54558.124 20.486 0.044
 54560.127 20.677 0.053
 54564.157 20.852 0.062
filter V
 54542.088 18.610 0.023
 54543.154 18.720 0.024
 54547.184 19.073 0.038
 54548.186 19.089 0.049
 54549.172 19.404 0.046
 54551.128 19.505 0.039
 54560.145 19.906 0.042
 54568.211 20.154 0.052
 54570.116 20.064 0.076
 54576.122 20.375 0.116
filter B
 54542.093 19.790 0.058
 54543.150 20.035 0.067
 54547.188 20.443 0.131
 54549.176 20.516 0.097
 54551.135 20.632 0.094
 54552.258 20.965 0.141
 54560.149 21.035 0.089
 54564.179 21.206 0.089
 54568.217 21.055 0.107
 54580.065 21.610 0.187
 54592.109 21.923 0.143
filter Y
 54546.220 17.663 0.039
 54546.228 17.699 0.033
 54550.209 17.760 0.045
 54550.218 17.841 0.043
 54559.171 18.309 0.053
 54559.179 18.404 0.051
 54599.046 20.213 0.065
 54607.146 20.419 0.097
filter H
 54546.252 17.617 0.101
filter J
 54550.234 17.898 0.072
