SN2007mm 0.0664 16.4445 -0.7588
filter V
 54385.193 20.066 0.036
 54392.195 19.372 0.017
 54394.208 19.358 0.020
 54395.180 19.356 0.032
 54400.201 19.834 0.078
 54403.124 20.177 0.025
 54409.251 20.842 0.044
 54418.203 21.511 0.093
filter B
 54385.202 20.543 0.051
 54392.207 20.121 0.024
 54394.221 20.141 0.037
 54395.192 20.225 0.056
 54403.139 21.541 0.067
 54409.263 22.268 0.121
filter g
 54385.220 20.315 0.027
 54392.150 19.727 0.015
 54394.160 19.746 0.018
 54395.132 19.825 0.024
 54400.229 20.437 0.099
 54403.154 20.982 0.043
 54409.214 21.525 0.042
 54418.185 21.999 0.091
filter r
 54385.229 20.137 0.038
 54392.161 19.302 0.015
 54394.172 19.247 0.017
 54395.144 19.154 0.019
 54400.243 19.456 0.052
 54403.167 19.726 0.019
 54407.274 19.945 0.040
 54409.226 20.229 0.023
 54418.190 20.895 0.054
filter i
 54385.237 20.154 0.067
 54392.173 19.462 0.020
 54394.184 19.394 0.024
 54395.156 19.382 0.027
 54400.257 19.538 0.045
 54403.180 19.688 0.027
 54409.238 19.971 0.030
 54418.194 20.701 0.082
