SN2005eq 0.0290 47.2055 -7.0332
filter Y
 53647.290 16.925 0.019
 53648.172 16.915 0.044
 53653.386 17.185 0.019
 53656.197 17.361 0.027
 53656.205 17.372 0.027
 53660.183 17.659 0.035
 53660.193 17.654 0.031
 53664.179 17.785 0.021
 53664.199 17.788 0.032
 53668.217 17.771 0.031
 53668.225 17.785 0.040
 53672.243 17.545 0.032
 53672.251 17.623 0.035
 53677.248 17.284 0.028
 53677.257 17.281 0.031
 53680.216 17.110 0.028
 53686.248 16.953 0.026
 53686.257 16.901 0.030
 53692.171 16.802 0.022
 53692.180 16.786 0.020
 53701.148 17.267 0.032
 53701.157 17.290 0.033
 53705.138 17.584 0.036
 53705.147 17.502 0.032
 53710.206 17.776 0.039
 53710.214 17.664 0.033
filter J
 53647.319 16.829 0.036
 53653.365 16.881 0.029
 53656.214 17.103 0.035
 53656.223 17.022 0.032
 53660.201 17.294 0.044
 53660.212 17.279 0.042
 53664.210 17.841 0.057
 53668.244 18.293 0.105
 53668.253 18.311 0.123
 53672.260 18.293 0.121
 53677.266 18.305 0.155
 53677.276 18.256 0.113
 53686.265 17.826 0.069
 53686.281 17.973 0.064
 53692.189 17.839 0.089
 53692.198 17.681 0.072
 53701.165 18.553 0.117
 53701.177 18.637 0.132
 53710.194 18.754 0.136
filter V
 53650.286 16.529 0.006
 53655.277 16.474 0.009
 53658.212 16.503 0.008
 53659.200 16.523 0.009
 53662.252 16.610 0.012
 53663.238 16.647 0.009
 53665.213 16.738 0.009
 53666.271 16.782 0.008
 53669.233 16.948 0.008
 53671.275 17.076 0.009
 53673.279 17.167 0.010
 53675.243 17.268 0.013
 53682.276 17.633 0.041
 53683.226 17.696 0.012
 53687.241 17.874 0.017
 53694.217 18.279 0.016
 53698.175 18.466 0.015
 53699.204 18.537 0.017
 53707.241 18.776 0.022
 53712.197 18.892 0.019
 53721.137 19.079 0.038
 53726.192 19.244 0.028
 53730.186 19.267 0.027
 53737.158 19.456 0.031
 53741.129 19.516 0.030
 53746.152 19.671 0.055
 53751.150 19.673 0.071
filter B
 53650.293 16.613 0.008
 53655.280 16.576 0.007
 53658.215 16.656 0.010
 53659.202 16.685 0.009
 53662.257 16.799 0.009
 53663.243 16.871 0.010
 53665.218 16.998 0.008
 53666.274 17.081 0.008
 53669.236 17.368 0.007
 53671.279 17.566 0.008
 53673.283 17.795 0.009
 53675.246 18.001 0.012
 53682.281 18.645 0.037
 53683.231 18.720 0.014
 53687.246 18.939 0.026
 53694.223 19.340 0.026
 53698.187 19.506 0.021
 53699.208 19.536 0.019
 53707.246 19.699 0.029
 53712.202 19.748 0.022
 53721.140 19.770 0.066
 53726.194 19.871 0.051
 53730.190 20.010 0.024
 53737.161 20.112 0.032
 53741.133 20.125 0.050
 53746.161 20.151 0.072
 53751.157 20.124 0.093
filter u
 53650.302 16.942 0.012
 53655.274 17.072 0.016
 53658.209 17.233 0.016
 53659.196 17.352 0.024
 53662.267 17.537 0.022
 53663.233 17.607 0.021
 53665.197 17.876 0.017
 53666.264 17.985 0.017
 53669.228 18.354 0.021
 53671.271 18.629 0.022
 53673.275 18.869 0.024
 53675.238 19.174 0.029
 53683.237 19.913 0.048
 53687.252 20.108 0.087
 53694.230 20.619 0.121
 53698.170 20.661 0.110
 53699.200 20.672 0.066
 53707.252 20.747 0.159
 53712.191 20.997 0.104
filter g
 53650.310 16.488 0.006
 53655.265 16.455 0.007
 53658.200 16.515 0.006
 53659.173 16.552 0.008
 53662.274 16.655 0.007
 53663.221 16.700 0.008
 53665.202 16.787 0.007
 53666.259 16.854 0.008
 53669.219 17.078 0.006
 53671.261 17.259 0.008
 53673.265 17.432 0.009
 53675.229 17.602 0.010
 53682.294 18.195 0.016
 53683.243 18.245 0.011
 53687.258 18.510 0.018
 53694.236 18.909 0.020
 53698.161 19.077 0.015
 53699.190 19.099 0.014
 53707.258 19.282 0.025
 53712.165 19.391 0.021
 53721.129 19.493 0.040
 53726.182 19.554 0.020
 53730.196 19.650 0.018
 53737.149 19.733 0.018
 53741.116 19.807 0.027
 53746.139 19.909 0.054
 53751.164 19.967 0.074
filter r
 53650.317 16.552 0.007
 53655.268 16.413 0.007
 53658.203 16.453 0.007
 53659.190 16.476 0.008
 53662.277 16.589 0.008
 53663.225 16.635 0.009
 53665.205 16.747 0.008
 53666.256 16.801 0.009
 53669.221 16.987 0.006
 53671.264 17.060 0.008
 53673.268 17.112 0.009
 53675.231 17.155 0.010
 53682.298 17.291 0.014
 53683.246 17.307 0.009
 53687.261 17.403 0.012
 53694.239 17.822 0.015
 53698.163 18.014 0.010
 53699.193 18.089 0.013
 53707.261 18.349 0.018
 53712.184 18.498 0.012
 53721.131 18.762 0.023
 53726.185 18.913 0.020
 53730.200 19.075 0.022
 53737.153 19.194 0.020
 53741.120 19.337 0.019
 53746.143 19.484 0.033
 53751.169 19.652 0.056
filter i
 53650.323 16.945 0.009
 53655.270 17.029 0.009
 53658.205 17.117 0.009
 53659.193 17.154 0.012
 53662.281 17.257 0.011
 53663.228 17.352 0.013
 53665.208 17.462 0.013
 53666.252 17.561 0.013
 53669.224 17.742 0.010
 53671.266 17.782 0.011
 53673.270 17.803 0.013
 53675.234 17.742 0.016
 53682.301 17.633 0.030
 53683.250 17.631 0.014
 53687.264 17.592 0.016
 53694.242 17.924 0.016
 53698.166 18.152 0.014
 53699.195 18.248 0.016
 53707.264 18.564 0.031
 53712.187 18.832 0.021
 53721.134 19.142 0.033
 53726.188 19.319 0.034
 53730.204 19.536 0.042
 53737.155 19.620 0.043
 53741.124 19.743 0.041
 53746.148 20.007 0.059
 53751.175 20.052 0.073
filter K
 53653.259 17.386 0.133
filter H
 53653.371 17.138 0.052
 53656.232 17.438 0.071
 53656.240 17.274 0.057
 53660.222 17.380 0.076
 53660.231 17.428 0.094
 53664.238 17.377 0.071
 53668.270 17.508 0.094
 53672.276 17.704 0.122
 53672.285 17.484 0.087
 53677.294 17.273 0.105
 53680.250 17.310 0.126
 53692.208 17.430 0.091
 53692.217 17.211 0.070
