SN2007jd 0.0726 44.9724 1.1607
filter V
 54362.316 18.912 0.021
 54363.267 19.002 0.018
 54364.296 18.897 0.031
 54365.321 18.834 0.026
 54376.239 19.628 0.025
 54378.343 19.728 0.036
 54380.329 19.923 0.035
 54383.251 20.019 0.052
 54385.316 20.145 0.062
 54392.321 20.736 0.059
filter B
 54362.322 19.288 0.024
 54363.273 19.259 0.021
 54364.302 19.287 0.026
 54365.327 19.291 0.025
 54368.321 19.649 0.084
 54376.246 20.407 0.042
 54378.349 20.625 0.049
 54380.335 20.979 0.051
 54383.256 21.210 0.061
 54385.323 21.682 0.110
filter u
 54362.329 20.571 0.129
 54363.278 20.597 0.101
filter g
 54362.335 19.044 0.016
 54363.284 19.090 0.014
 54364.315 19.178 0.016
 54365.340 19.100 0.016
 54368.297 19.314 0.063
 54376.253 20.291 0.039
 54378.324 20.358 0.030
 54380.310 20.565 0.030
 54383.225 20.825 0.033
 54385.331 21.108 0.054
 54392.288 21.644 0.066
filter r
 54362.340 18.889 0.019
 54363.289 18.960 0.016
 54364.321 18.806 0.019
 54365.345 18.913 0.017
 54368.301 19.218 0.065
 54376.260 19.518 0.019
 54378.329 19.566 0.031
 54380.315 19.624 0.025
 54383.230 19.815 0.033
 54385.337 19.765 0.035
 54392.296 20.277 0.034
 54397.202 20.473 0.054
 54403.303 20.764 0.086
filter i
 54362.345 19.234 0.044
 54363.294 19.221 0.032
 54364.326 19.384 0.038
 54365.349 19.270 0.032
 54368.306 19.505 0.064
 54376.267 20.039 0.043
 54378.333 19.928 0.052
 54380.319 19.997 0.058
 54383.234 19.887 0.059
 54385.342 19.722 0.044
 54392.303 20.050 0.041
 54397.210 20.547 0.087
 54403.311 20.866 0.113
 54409.328 21.090 0.112
filter Y
 54364.377 19.334 0.056
 54365.343 19.556 0.059
 54365.351 19.626 0.070
 54369.280 19.701 0.089
 54369.308 19.609 0.075
 54388.182 19.229 0.067
 54388.225 19.193 0.064
filter J
 54364.386 19.458 0.056
 54364.394 19.378 0.052
 54365.361 19.481 0.084
