SN2007jh 0.0408 54.0064 1.1034
filter V
 54363.348 18.513 0.014
 54364.380 18.429 0.016
 54368.378 18.366 0.023
 54376.339 18.902 0.021
 54380.392 19.262 0.046
 54385.388 19.573 0.090
 54392.369 20.196 0.079
 54394.305 20.388 0.058
 54395.366 20.499 0.079
filter B
 54363.354 18.780 0.019
 54364.385 18.744 0.016
 54368.382 18.834 0.034
 54376.347 19.995 0.047
 54392.374 21.175 0.138
 54394.310 21.315 0.089
 54395.371 21.434 0.158
filter g
 54363.368 18.566 0.015
 54364.397 18.505 0.011
 54368.361 18.505 0.021
 54376.364 19.528 0.029
 54378.385 19.787 0.029
 54380.372 20.028 0.026
 54392.355 20.876 0.016
 54394.291 21.019 0.081
 54395.347 21.115 0.153
filter r
 54363.374 18.344 0.016
 54364.402 18.281 0.016
 54368.365 18.191 0.019
 54376.370 18.544 0.017
 54378.389 18.686 0.017
 54380.377 18.823 0.124
 54392.360 19.564 0.035
 54394.296 19.604 0.035
 54398.345 19.777 0.082
 54409.365 20.374 0.074
filter i
 54363.379 18.523 0.023
 54376.378 18.860 0.024
 54378.394 18.875 0.034
 54380.382 18.834 0.025
 54392.364 19.595 0.066
 54394.300 19.742 0.049
 54398.349 19.770 0.073
 54413.304 20.126 0.101
filter H
 54363.402 18.099 0.074
filter Y
 54402.298 18.843 0.096
