SN2007af 0.0055 215.5876 -0.3938
filter Y
 54162.240 14.667 0.014
 54162.249 14.648 0.014
 54164.301 14.154 0.016
 54164.309 14.155 0.016
 54167.306 13.724 0.016
 54167.315 13.711 0.021
 54168.324 13.638 0.017
 54168.333 13.644 0.018
 54169.293 13.526 0.014
 54169.299 13.574 0.016
 54170.337 13.562 0.017
 54170.342 13.560 0.016
 54171.306 13.539 0.015
 54171.312 13.576 0.016
 54172.303 13.649 0.018
 54172.308 13.660 0.020
 54175.298 13.912 0.014
 54175.412 13.886 0.014
 54180.266 14.247 0.011
 54180.280 14.235 0.010
 54183.255 14.350 0.014
 54183.263 14.373 0.014
 54189.291 14.264 0.010
 54189.299 14.271 0.009
 54193.237 14.037 0.010
 54193.246 14.032 0.011
 54196.266 13.857 0.011
 54196.274 13.874 0.010
 54205.215 13.514 0.014
 54205.224 13.513 0.014
 54208.258 13.709 0.017
 54208.267 13.685 0.014
 54217.206 14.187 0.017
 54217.215 14.177 0.021
 54223.253 14.568 0.019
 54223.259 14.519 0.018
 54228.220 14.796 0.015
 54228.229 14.793 0.014
 54230.295 14.889 0.011
 54230.303 14.886 0.011
 54233.175 15.051 0.011
 54233.183 15.066 0.014
 54238.177 15.333 0.017
 54238.186 15.309 0.016
 54244.172 15.615 0.014
 54244.180 15.621 0.013
 54247.164 15.734 0.015
 54247.173 15.755 0.018
 54255.212 16.151 0.016
 54255.216 16.161 0.018
 54257.191 16.224 0.017
 54257.199 16.217 0.021
filter J
 54162.257 14.585 0.011
 54162.265 14.601 0.014
 54164.318 14.086 0.014
 54164.326 14.099 0.016
 54167.324 13.618 0.012
 54167.332 13.642 0.013
 54168.342 13.554 0.017
 54168.352 13.576 0.014
 54169.306 13.525 0.012
 54169.314 13.518 0.010
 54170.349 13.502 0.012
 54170.356 13.505 0.013
 54171.319 13.503 0.010
 54171.326 13.512 0.011
 54172.315 13.533 0.013
 54172.321 13.549 0.012
 54175.281 13.718 0.011
 54175.290 13.721 0.013
 54180.289 14.181 0.011
 54180.298 14.174 0.013
 54183.271 14.706 0.015
 54183.280 14.677 0.014
 54189.308 15.156 0.012
 54189.317 15.141 0.012
 54193.254 15.058 0.013
 54193.263 15.057 0.014
 54196.283 14.944 0.012
 54196.291 14.969 0.013
 54205.232 14.596 0.012
 54205.240 14.612 0.013
 54208.275 14.897 0.015
 54208.283 14.861 0.015
 54217.223 15.627 0.017
 54217.232 15.634 0.018
 54228.238 16.462 0.023
 54228.247 16.464 0.023
 54230.312 16.612 0.038
 54230.321 16.609 0.040
 54233.191 16.811 0.054
 54233.199 16.849 0.047
 54238.194 17.035 0.042
 54238.203 16.971 0.040
 54244.189 17.528 0.073
 54244.198 17.414 0.059
 54247.181 17.618 0.063
 54247.189 17.533 0.056
 54255.184 17.999 0.035
 54255.191 18.068 0.034
 54257.208 18.262 0.133
 54257.216 18.140 0.168
filter H
 54162.282 14.524 0.015
 54162.299 14.583 0.013
 54164.335 14.126 0.021
 54164.344 14.113 0.016
 54167.341 13.706 0.014
 54167.350 13.714 0.012
 54168.361 13.692 0.017
 54168.370 13.661 0.012
 54169.320 13.645 0.030
 54169.326 13.652 0.030
 54170.362 13.651 0.029
 54170.368 13.656 0.030
 54171.332 13.662 0.030
 54171.338 13.685 0.030
 54172.328 13.700 0.045
 54172.334 13.709 0.045
 54175.395 13.874 0.013
 54175.403 13.866 0.018
 54180.306 14.049 0.011
 54180.315 13.974 0.011
 54183.288 14.053 0.016
 54183.297 14.026 0.012
 54189.325 13.941 0.014
 54189.335 13.958 0.011
 54193.271 13.837 0.017
 54193.280 13.842 0.012
 54196.299 13.807 0.017
 54196.308 13.795 0.012
 54205.249 13.924 0.013
 54205.257 13.941 0.013
 54208.292 14.149 0.017
 54208.301 14.160 0.016
 54217.241 14.649 0.018
 54217.251 14.677 0.018
 54228.256 15.169 0.019
 54228.265 15.129 0.019
 54233.208 15.326 0.036
 54233.216 15.310 0.035
 54238.211 15.510 0.024
 54238.219 15.531 0.024
 54244.207 15.819 0.029
 54244.216 15.768 0.032
 54247.198 16.005 0.041
 54247.206 15.937 0.042
 54255.197 16.272 0.034
 54255.203 16.267 0.034
 54257.226 16.223 0.067
 54257.235 16.268 0.089
filter i
 54165.288 14.233 0.007
 54166.323 14.053 0.006
 54169.394 13.729 0.009
 54170.336 13.691 0.010
 54171.380 13.669 0.012
 54172.359 13.701 0.011
 54174.352 13.767 0.011
 54178.283 13.901 0.009
 54178.285 13.898 0.009
 54179.338 13.966 0.010
 54181.305 14.064 0.010
 54182.280 14.141 0.011
 54185.316 14.392 0.006
 54190.303 14.446 0.006
 54194.292 14.354 0.008
 54197.287 14.311 0.009
 54199.232 14.298 0.008
 54202.354 14.323 0.008
 54204.337 14.410 0.010
 54207.256 14.641 0.011
 54211.275 14.910 0.006
 54213.240 15.023 0.009
 54218.278 15.276 0.006
 54224.279 15.510 0.008
 54226.316 15.597 0.006
 54231.305 15.775 0.006
 54239.240 16.060 0.007
 54246.168 16.293 0.008
 54256.189 16.636 0.007
filter u
 54165.297 14.675 0.015
 54166.298 14.438 0.017
 54169.368 14.018 0.017
 54170.317 13.950 0.017
 54174.347 13.917 0.018
 54178.268 14.197 0.017
 54178.273 14.203 0.017
 54179.329 14.329 0.018
 54181.310 14.573 0.017
 54182.284 14.688 0.017
 54185.321 15.053 0.017
 54190.285 15.719 0.017
 54194.296 16.209 0.019
 54197.292 16.549 0.019
 54199.237 16.679 0.021
 54202.334 16.891 0.019
 54204.342 17.049 0.020
 54207.260 17.195 0.021
 54211.280 17.358 0.023
 54213.245 17.407 0.023
 54218.262 17.560 0.024
 54224.271 17.658 0.031
 54239.245 17.989 0.027
 54246.173 18.143 0.027
 54256.194 18.322 0.041
filter V
 54165.307 14.086 0.008
 54166.281 13.906 0.008
 54169.353 13.489 0.009
 54170.300 13.411 0.009
 54171.364 13.342 0.009
 54172.371 13.285 0.008
 54174.332 13.253 0.009
 54179.319 13.290 0.009
 54181.315 13.364 0.008
 54182.289 13.388 0.010
 54185.326 13.568 0.008
 54190.259 13.890 0.008
 54194.301 14.145 0.008
 54197.296 14.315 0.008
 54199.241 14.416 0.009
 54202.319 14.614 0.009
 54204.353 14.761 0.008
 54207.265 14.968 0.009
 54211.285 15.194 0.008
 54213.249 15.277 0.009
 54218.247 15.447 0.008
 54224.294 15.626 0.008
 54226.306 15.679 0.008
 54231.271 15.797 0.008
 54239.250 15.980 0.008
 54246.178 16.138 0.008
 54256.199 16.395 0.007
filter B
 54165.316 14.114 0.011
 54166.290 13.924 0.012
 54169.360 13.504 0.012
 54170.307 13.428 0.012
 54171.368 13.368 0.014
 54174.337 13.309 0.013
 54174.342 13.307 0.013
 54178.260 13.432 0.014
 54178.263 13.426 0.013
 54179.323 13.484 0.013
 54181.319 13.652 0.013
 54182.293 13.732 0.014
 54185.330 14.042 0.011
 54190.265 14.633 0.012
 54194.305 15.090 0.012
 54197.301 15.358 0.011
 54199.246 15.522 0.012
 54202.325 15.762 0.012
 54204.347 15.891 0.013
 54207.269 16.069 0.012
 54211.289 16.256 0.012
 54213.254 16.324 0.012
 54218.255 16.444 0.012
 54224.288 16.567 0.014
 54226.310 16.609 0.014
 54231.280 16.659 0.013
 54239.256 16.812 0.013
 54246.184 16.866 0.012
 54256.205 17.042 0.012
filter g
 54166.309 13.822 0.007
 54169.384 13.392 0.009
 54170.326 13.330 0.009
 54174.360 13.175 0.008
 54178.276 13.275 0.009
 54178.278 13.272 0.009
 54179.342 13.324 0.009
 54181.297 13.433 0.008
 54182.271 13.491 0.009
 54185.308 13.720 0.007
 54190.293 14.178 0.007
 54194.283 14.559 0.007
 54197.278 14.842 0.007
 54199.224 14.998 0.007
 54202.342 15.258 0.008
 54207.247 15.604 0.009
 54211.267 15.800 0.007
 54213.232 15.870 0.008
 54218.270 16.012 0.007
 54224.266 16.128 0.008
 54226.297 16.165 0.007
 54231.290 16.245 0.007
 54239.186 16.366 0.007
 54246.159 16.472 0.007
 54256.179 16.628 0.006
filter r
 54166.317 13.797 0.006
 54169.389 13.417 0.008
 54170.331 13.359 0.010
 54171.377 13.288 0.010
 54172.363 13.264 0.010
 54174.356 13.226 0.009
 54178.279 13.220 0.011
 54178.281 13.235 0.009
 54179.334 13.286 0.010
 54181.301 13.370 0.009
 54182.275 13.421 0.013
 54185.312 13.659 0.007
 54190.298 13.881 0.006
 54194.287 13.955 0.007
 54197.283 14.034 0.006
 54199.228 14.090 0.008
 54202.348 14.227 0.007
 54204.333 14.357 0.009
 54207.251 14.596 0.008
 54211.271 14.853 0.006
 54213.236 14.945 0.006
 54218.274 15.148 0.006
 54224.275 15.356 0.006
 54226.301 15.422 0.006
 54231.298 15.581 0.006
 54239.236 15.844 0.006
 54246.164 16.057 0.007
 54256.185 16.382 0.006
filter K
 54169.337 13.582 0.020
 54169.343 13.606 0.019
 54170.374 13.540 0.017
 54170.380 13.552 0.016
 54171.344 13.561 0.017
 54171.351 13.558 0.017
 54172.340 13.575 0.019
 54172.346 13.552 0.019
 54255.222 16.222 0.041
 54255.228 16.149 0.042
