SN2006br 0.0246 202.5075 13.4158
filter J
 53855.155 17.484 0.077
 53855.165 17.433 0.050
 53859.178 17.848 0.091
 53859.186 17.859 0.096
 53863.164 18.687 0.136
 53864.205 18.494 0.128
 53864.216 18.782 0.162
 53868.184 18.759 0.183
 53868.198 18.930 0.192
filter H
 53855.174 17.535 0.120
 53855.183 17.584 0.171
 53868.213 17.530 0.119
 53868.230 17.460 0.124
filter r
 53858.172 17.911 0.018
 53861.172 18.215 0.012
 53862.141 18.297 0.013
 53866.142 18.471 0.016
 53867.179 18.478 0.022
 53870.203 18.536 0.021
 53871.157 18.523 0.015
 53872.183 18.514 0.021
 53890.107 19.566 0.026
 53891.159 19.573 0.038
filter i
 53858.180 18.122 0.035
 53861.176 18.579 0.018
 53862.145 18.672 0.022
 53866.137 18.729 0.022
 53867.183 18.720 0.028
 53870.207 18.535 0.025
 53871.162 18.489 0.019
 53872.187 18.471 0.017
 53890.111 19.360 0.033
 53891.163 19.424 0.049
filter V
 53858.203 18.385 0.019
 53861.180 18.541 0.017
 53862.150 18.605 0.017
 53866.151 18.831 0.028
 53867.187 18.977 0.042
 53870.212 19.040 0.045
 53871.166 19.149 0.028
 53872.192 19.201 0.029
filter B
 53858.208 19.436 0.029
 53861.187 19.731 0.024
 53862.156 19.796 0.027
 53866.157 20.131 0.073
 53871.171 20.838 0.129
 53872.196 20.916 0.129
 53890.126 21.729 0.152
filter Y
 53859.159 17.859 0.071
 53859.168 17.915 0.084
 53863.147 17.992 0.056
 53863.156 18.156 0.080
 53864.187 17.997 0.056
 53864.196 18.175 0.077
 53868.160 17.885 0.047
filter g
 53861.167 19.135 0.019
 53862.136 19.229 0.020
 53866.146 19.524 0.046
 53867.174 19.551 0.050
 53870.199 20.114 0.089
 53871.153 20.083 0.061
 53872.179 20.149 0.046
 53890.103 21.429 0.122
