SN2012ht 0.0036 163.3448 16.7764
filter r
 56282.336 15.617 0.036
 56283.345 15.119 0.035
 56285.335 14.399 0.042
 56286.337 14.088 0.037
 56289.312 13.508 0.036
 56289.321 13.526 0.040
 56290.308 13.414 0.040
 56291.312 13.329 0.040
 56292.334 13.270 0.039
 56295.322 13.159 0.037
 56297.308 13.103 0.036
 56299.327 13.284 0.039
 56300.283 13.285 0.036
 56301.283 13.308 0.029
 56304.297 13.559 0.035
 56305.307 13.673 0.037
 56306.309 13.719 0.028
 56307.304 13.810 0.038
 56308.258 13.834 0.035
 56309.263 13.872 0.037
 56310.319 13.927 0.038
 56311.318 13.858 0.034
 56314.256 13.987 0.038
 56315.269 14.008 0.031
 56316.252 14.031 0.029
 56317.253 14.042 0.039
 56318.242 14.100 0.038
 56319.228 14.146 0.039
 56320.240 14.202 0.039
 56322.281 14.318 0.039
 56324.227 14.520 0.030
 56325.199 14.571 0.036
 56326.247 14.685 0.029
 56327.284 14.708 0.036
 56328.255 14.803 0.037
 56329.227 14.829 0.030
 56330.231 14.932 0.034
 56331.196 14.952 0.031
 56332.241 15.005 0.029
 56336.278 15.162 0.035
 56337.279 15.223 0.037
 56338.235 15.211 0.033
 56339.238 15.312 0.030
 56342.228 15.410 0.037
 56345.255 15.528 0.038
 56352.211 15.795 0.041
 56353.231 15.818 0.037
 56358.206 15.967 0.034
 56365.207 16.238 0.030
 56373.208 16.471 0.031
 56380.132 16.751 0.030
 56388.089 17.025 0.038
 56398.068 17.344 0.035
 56424.009 18.085 0.036
filter i
 56282.339 15.935 0.048
 56283.347 15.402 0.048
 56285.337 14.627 0.052
 56286.335 14.346 0.051
 56289.322 13.850 0.052
 56290.309 13.708 0.051
 56291.309 13.671 0.052
 56291.311 13.701 0.052
 56292.335 13.724 0.053
 56295.316 13.770 0.050
 56297.302 13.820 0.048
 56299.325 13.938 0.050
 56300.285 13.999 0.050
 56301.284 14.133 0.039
 56304.299 14.425 0.048
 56305.308 14.477 0.049
 56306.311 14.597 0.040
 56307.306 14.530 0.053
 56308.260 14.691 0.054
 56309.253 14.623 0.051
 56310.320 14.552 0.050
 56311.319 14.540 0.043
 56314.257 14.391 0.052
 56315.271 14.417 0.041
 56316.253 14.457 0.040
 56317.254 14.364 0.052
 56318.244 14.399 0.050
 56319.229 14.394 0.051
 56320.241 14.415 0.052
 56322.282 14.478 0.050
 56324.228 14.590 0.039
 56325.200 14.651 0.049
 56326.248 14.751 0.040
 56327.285 14.825 0.049
 56328.259 14.888 0.049
 56329.228 14.966 0.039
 56330.232 14.933 0.043
 56331.198 15.042 0.041
 56332.242 15.133 0.039
 56336.279 15.321 0.049
 56337.280 15.392 0.050
 56338.236 15.444 0.042
 56338.243 15.441 0.041
 56339.239 15.496 0.040
 56342.229 15.642 0.050
 56345.256 15.731 0.049
 56352.212 16.042 0.052
 56353.232 16.005 0.041
 56358.208 16.233 0.046
 56365.209 16.487 0.041
 56373.212 16.805 0.041
 56380.134 16.993 0.042
 56388.091 17.247 0.052
 56398.070 17.592 0.049
 56424.012 18.189 0.050
filter u
 56282.342 16.868 0.032
 56283.340 16.102 0.033
 56285.340 15.021 0.035
 56286.340 14.629 0.034
 56289.317 13.991 0.033
 56290.311 13.896 0.038
 56291.315 13.751 0.056
 56291.317 13.777 0.039
 56292.337 13.765 0.038
 56295.319 13.790 0.032
 56297.305 13.814 0.032
 56299.323 14.054 0.032
 56300.288 14.120 0.035
 56301.286 14.223 0.033
 56305.310 14.652 0.031
 56306.313 14.793 0.028
 56307.308 14.889 0.034
 56310.322 15.401 0.034
 56311.321 15.521 0.030
 56315.273 16.062 0.030
 56316.256 16.130 0.028
 56317.258 16.229 0.031
 56318.247 16.338 0.032
 56319.233 16.454 0.036
 56320.245 16.486 0.033
 56320.255 16.460 0.034
 56322.286 16.590 0.032
 56324.230 16.740 0.034
 56325.204 16.746 0.030
 56326.252 16.846 0.026
 56327.289 16.881 0.028
 56329.232 16.941 0.026
 56330.235 16.968 0.026
 56331.201 17.005 0.026
 56336.283 17.163 0.028
 56337.288 17.167 0.029
 56338.239 17.212 0.026
 56339.243 17.261 0.026
 56342.232 17.312 0.029
 56352.216 17.530 0.034
 56353.236 17.566 0.033
 56358.212 17.766 0.053
 56365.214 17.856 0.028
 56380.140 18.241 0.043
 56398.074 18.736 0.035
 56424.017 19.328 0.044
filter g
 56282.345 15.610 0.029
 56283.343 15.104 0.032
 56285.333 14.351 0.029
 56286.338 14.072 0.031
 56289.314 13.478 0.034
 56289.319 13.463 0.033
 56290.307 13.361 0.031
 56291.313 13.248 0.031
 56292.332 13.181 0.033
 56295.314 13.044 0.031
 56297.300 13.049 0.028
 56299.320 13.133 0.031
 56300.281 13.198 0.030
 56300.286 13.179 0.029
 56301.281 13.218 0.024
 56304.295 13.429 0.028
 56305.305 13.521 0.027
 56306.308 13.619 0.024
 56307.303 13.704 0.030
 56308.256 13.842 0.033
 56309.262 13.899 0.030
 56310.316 14.003 0.030
 56311.317 14.097 0.028
 56314.255 14.453 0.029
 56315.268 14.555 0.026
 56316.251 14.617 0.025
 56317.251 14.729 0.030
 56318.241 14.854 0.029
 56319.227 14.938 0.030
 56320.238 15.036 0.030
 56322.279 15.194 0.028
 56324.225 15.326 0.025
 56325.197 15.382 0.027
 56326.246 15.458 0.025
 56327.283 15.485 0.027
 56328.254 15.562 0.027
 56329.225 15.591 0.025
 56330.229 15.670 0.027
 56331.195 15.677 0.026
 56332.239 15.706 0.025
 56336.277 15.840 0.028
 56337.277 15.862 0.029
 56338.233 15.898 0.027
 56339.236 15.928 0.026
 56342.226 15.990 0.029
 56345.254 16.062 0.028
 56352.209 16.189 0.031
 56353.229 16.214 0.029
 56358.205 16.326 0.030
 56365.222 16.443 0.026
 56373.206 16.609 0.026
 56380.136 16.710 0.027
 56388.088 16.834 0.029
 56398.065 17.018 0.026
 56424.006 17.485 0.026
filter V
 56282.347 15.534 0.038
 56283.337 15.112 0.041
 56285.329 14.349 0.041
 56286.344 14.092 0.040
 56289.324 13.518 0.044
 56290.314 13.395 0.042
 56291.319 13.274 0.043
 56292.329 13.252 0.042
 56295.309 13.070 0.040
 56297.298 13.056 0.038
 56299.319 13.091 0.040
 56300.279 13.148 0.038
 56301.279 13.161 0.031
 56304.293 13.308 0.038
 56305.313 13.406 0.039
 56306.306 13.470 0.029
 56307.301 13.552 0.042
 56308.267 13.623 0.041
 56309.267 13.699 0.041
 56310.325 13.765 0.040
 56311.324 13.834 0.035
 56314.264 14.053 0.041
 56315.275 14.112 0.033
 56316.250 14.215 0.033
 56317.250 14.244 0.042
 56318.240 14.325 0.044
 56319.237 14.322 0.044
 56320.248 14.458 0.043
 56322.276 14.672 0.041
 56324.223 14.730 0.032
 56325.208 14.780 0.041
 56326.256 14.871 0.031
 56327.281 14.936 0.040
 56328.275 14.942 0.038
 56329.224 15.058 0.030
 56330.239 15.092 0.031
 56331.205 15.111 0.031
 56332.238 15.153 0.030
 56336.275 15.295 0.039
 56337.276 15.362 0.040
 56338.232 15.354 0.031
 56339.247 15.406 0.030
 56342.224 15.471 0.040
 56345.262 15.578 0.040
 56352.221 15.820 0.044
 56353.241 15.799 0.041
 56358.203 16.002 0.040
 56365.203 16.157 0.031
 56380.167 16.482 0.036
 56398.062 16.957 0.037
 56424.003 17.510 0.037
filter B
 56282.348 15.737 0.035
 56283.335 15.258 0.037
 56285.327 14.405 0.035
 56286.342 14.093 0.036
 56289.325 13.501 0.040
 56290.315 13.382 0.037
 56291.320 13.277 0.037
 56292.326 13.210 0.039
 56295.307 13.111 0.035
 56297.296 13.120 0.035
 56299.317 13.260 0.037
 56300.273 13.271 0.034
 56300.277 13.309 0.036
 56301.278 13.350 0.033
 56304.291 13.619 0.034
 56305.315 13.749 0.034
 56306.304 13.830 0.031
 56307.299 13.992 0.035
 56308.269 14.149 0.040
 56309.265 14.207 0.037
 56310.326 14.334 0.034
 56311.325 14.520 0.036
 56314.266 14.849 0.035
 56315.276 14.946 0.034
 56316.248 15.066 0.032
 56317.249 15.163 0.035
 56318.238 15.277 0.035
 56319.238 15.309 0.037
 56320.250 15.427 0.036
 56322.274 15.581 0.036
 56324.221 15.748 0.034
 56325.209 15.783 0.034
 56326.258 15.820 0.033
 56327.279 15.876 0.034
 56329.222 15.950 0.031
 56330.241 15.992 0.033
 56331.207 16.066 0.032
 56332.236 16.076 0.031
 56336.273 16.205 0.034
 56337.274 16.243 0.035
 56338.230 16.263 0.032
 56339.248 16.277 0.034
 56342.223 16.331 0.034
 56345.264 16.417 0.034
 56352.223 16.568 0.036
 56353.243 16.573 0.034
 56358.201 16.659 0.036
 56365.200 16.776 0.031
 56380.153 16.988 0.036
 56398.059 17.298 0.035
 56423.999 17.787 0.037
filter Y
 56284.319 14.632 0.019
 56285.348 14.319 0.024
 56287.359 13.870 0.019
 56288.346 13.765 0.021
 56289.312 13.648 0.016
 56292.294 13.505 0.031
 56293.337 13.571 0.022
 56295.300 13.709 0.016
 56297.338 13.934 0.024
 56318.284 13.819 0.012
 56319.258 13.769 0.019
 56320.243 13.670 0.027
 56327.328 13.896 0.019
 56347.202 15.086 0.029
 56350.223 15.262 0.025
 56354.189 15.437 0.023
 56385.171 16.817 0.012
filter H
 56284.335 14.564 0.012
 56285.364 14.300 0.018
 56287.370 13.881 0.014
 56288.354 13.747 0.014
 56289.315 13.649 0.015
 56292.297 13.615 0.022
 56293.339 13.731 0.023
 56295.312 13.861 0.018
 56297.334 13.949 0.020
 56318.296 13.910 0.011
 56319.275 13.930 0.011
 56320.236 13.986 0.013
 56327.343 14.387 0.013
 56347.210 15.372 0.030
 56350.228 15.554 0.028
 56354.192 15.792 0.024
 56385.186 17.171 0.022
filter J
 56284.342 14.560 0.011
 56285.360 14.222 0.022
 56287.373 13.806 0.011
 56288.357 13.666 0.013
 56289.307 13.554 0.010
 56292.291 13.452 0.023
 56293.341 13.482 0.016
 56295.317 13.584 0.013
 56297.322 13.762 0.011
 56318.301 14.913 0.010
 56319.283 14.861 0.011
 56320.220 14.806 0.011
 56327.356 15.202 0.011
 56347.213 16.811 0.028
 56350.216 17.043 0.019
 56354.196 17.343 0.021
