SN2007cg 0.0332 201.3899 -24.6522
filter g
 54235.123 18.368 0.014
 54239.126 18.596 0.013
 54243.165 18.905 0.015
 54246.099 19.168 0.025
 54255.165 19.860 0.055
 54256.150 20.015 0.057
 54259.078 20.250 0.040
filter r
 54235.127 17.660 0.013
 54239.130 17.881 0.010
 54243.170 18.121 0.013
 54246.103 18.160 0.022
 54255.170 18.308 0.016
 54256.155 18.358 0.017
 54259.082 18.477 0.015
filter i
 54235.131 18.036 0.017
 54239.135 18.305 0.017
 54243.175 18.577 0.023
 54246.108 18.481 0.043
 54255.176 18.345 0.021
 54256.159 18.298 0.022
 54259.086 18.306 0.020
filter u
 54235.136 20.362 0.095
 54239.139 20.686 0.137
 54243.157 21.571 0.185
filter V
 54235.140 17.960 0.014
 54239.143 18.155 0.014
 54241.106 18.329 0.017
 54243.144 18.448 0.015
 54246.117 18.591 0.027
 54255.144 19.015 0.027
 54256.168 19.106 0.034
 54259.095 19.253 0.032
filter B
 54235.145 18.838 0.021
 54239.148 19.136 0.023
 54243.150 19.573 0.030
 54246.124 19.825 0.061
filter Y
 54237.159 17.938 0.123
 54237.167 17.894 0.139
 54244.055 18.182 0.038
 54244.062 18.196 0.038
 54247.110 18.015 0.068
 54254.127 17.585 0.029
 54254.133 17.544 0.036
 54257.105 17.256 0.041
 54257.114 17.262 0.047
