SN2006bd 0.0257 174.6186 20.5262
filter Y
 53822.243 17.856 0.085
 53822.253 18.070 0.095
 53830.173 17.540 0.030
 53830.188 17.525 0.030
filter J
 53822.270 17.618 0.116
 53830.203 17.848 0.064
 53830.217 17.799 0.075
 53833.210 17.933 0.023
 53833.218 17.998 0.023
 53846.140 19.246 0.066
 53846.147 19.108 0.064
filter g
 53823.187 18.644 0.013
 53831.162 19.287 0.020
 53833.187 19.638 0.034
 53834.168 19.760 0.045
 53841.154 20.310 0.058
 53845.126 20.536 0.025
 53866.081 20.927 0.130
 53872.061 21.332 0.081
filter r
 53823.192 18.115 0.011
 53831.167 18.006 0.011
 53833.192 18.190 0.012
 53834.173 18.280 0.015
 53841.162 18.964 0.024
 53845.133 19.240 0.020
 53866.087 20.360 0.077
 53872.069 20.522 0.057
filter i
 53823.196 18.247 0.016
 53831.171 18.055 0.016
 53833.197 18.156 0.014
 53834.179 18.188 0.016
 53841.167 18.784 0.024
 53845.138 19.118 0.028
 53866.092 20.288 0.081
 53872.073 20.415 0.079
filter V
 53823.205 18.275 0.012
 53831.183 18.541 0.015
 53833.170 18.762 0.023
 53834.157 18.856 0.025
 53841.136 19.472 0.053
 53845.104 19.852 0.042
 53845.109 19.875 0.039
 53866.097 20.497 0.103
 53872.078 20.691 0.078
filter B
 53823.209 19.024 0.020
 53831.188 19.831 0.031
 53834.163 20.411 0.111
 53845.117 20.996 0.047
 53872.085 21.644 0.145
filter H
 53833.226 17.803 0.049
 53833.234 17.751 0.044
 53846.155 18.743 0.116
 53846.164 18.761 0.104
