SN2006ej 0.0204 9.7490 -9.0157
filter g
 53979.234 15.828 0.007
 53981.200 15.930 0.008
 53986.165 16.332 0.010
 53998.150 17.630 0.008
 54001.091 17.939 0.011
 54003.114 18.123 0.010
 54008.101 18.424 0.011
 54012.092 18.576 0.023
 54017.243 18.673 0.032
 54018.207 18.712 0.018
 54025.126 18.826 0.013
 54040.127 19.028 0.021
 54046.249 19.186 0.040
filter u
 53979.247 16.659 0.019
 53981.213 16.889 0.019
 53986.182 17.582 0.031
 54001.104 19.410 0.051
 54008.093 19.920 0.088
filter V
 53979.252 15.838 0.007
 53981.217 15.904 0.009
 53986.186 16.186 0.011
 53998.167 17.024 0.009
 54001.108 17.271 0.012
 54003.098 17.456 0.010
 54008.075 17.778 0.012
 54012.072 17.938 0.016
 54017.224 18.150 0.029
 54018.185 18.146 0.015
 54025.145 18.362 0.014
 54040.105 18.720 0.021
 54046.240 18.855 0.039
filter J
 53980.209 16.634 0.035
 53980.217 16.653 0.033
 53999.173 17.244 0.038
 53999.182 17.158 0.036
 54000.169 17.050 0.051
filter H
 53980.235 16.883 0.074
 53999.190 16.673 0.047
filter B
 53981.222 16.087 0.008
 53986.190 16.569 0.011
 53998.171 18.060 0.013
 54001.113 18.339 0.014
 54003.104 18.510 0.016
 54008.084 18.823 0.019
 54012.078 18.931 0.044
 54017.228 19.038 0.054
 54018.192 19.159 0.034
 54025.149 19.161 0.019
 54040.111 19.425 0.037
 54046.244 19.551 0.083
filter r
 53986.170 16.266 0.009
 54008.108 17.386 0.010
 54012.097 17.563 0.012
 54017.248 17.762 0.024
 54018.212 17.827 0.010
filter i
 53986.177 17.057 0.011
 54001.100 16.976 0.012
 54008.115 17.549 0.010
 54012.102 17.797 0.016
 54017.255 18.012 0.036
 54018.218 18.122 0.013
filter Y
 53999.163 16.245 0.023
 53999.168 16.280 0.027
 54000.164 16.179 0.026
