SN2006py 0.0579 340.4252 -0.1369
filter V
 54069.017 17.991 0.018
 54073.014 18.054 0.034
 54075.069 18.056 0.016
 54080.022 18.199 0.024
 54084.042 18.526 0.019
 54087.044 18.674 0.015
filter B
 54069.025 18.131 0.017
 54073.021 18.142 0.031
 54075.074 18.244 0.024
 54080.030 18.533 0.017
 54084.046 19.023 0.024
 54087.049 19.421 0.029
filter u
 54069.033 18.577 0.038
 54073.029 18.793 0.062
 54075.065 19.125 0.079
filter g
 54069.040 17.985 0.013
 54073.038 17.984 0.016
 54075.052 18.104 0.012
 54080.038 18.385 0.009
 54084.017 18.586 0.079
 54087.027 18.962 0.029
filter r
 54069.045 17.988 0.013
 54073.043 17.968 0.015
 54075.056 17.982 0.013
 54080.046 18.179 0.010
 54084.028 18.409 0.021
 54087.031 18.560 0.015
 54091.033 18.637 0.019
filter i
 54069.050 18.446 0.024
 54073.048 18.424 0.035
 54075.061 18.448 0.023
 54080.053 18.819 0.020
 54084.033 19.088 0.051
 54087.036 19.104 0.031
 54091.038 19.048 0.035
