SN2008cd 0.0074 198.7573 -15.9519
filter g
 54587.235 18.433 0.031
 54589.255 18.555 0.026
 54589.259 18.570 0.027
 54591.206 18.716 0.037
 54592.269 18.733 0.030
 54595.230 18.809 0.054
filter i
 54587.240 16.546 0.013
 54589.265 16.718 0.025
 54591.212 16.908 0.022
 54592.277 16.944 0.021
 54595.239 16.987 0.034
filter V
 54587.245 17.578 0.027
 54589.269 17.650 0.032
 54589.273 17.669 0.021
 54591.215 17.826 0.024
 54591.220 17.834 0.024
 54592.256 17.898 0.024
 54595.217 18.078 0.030
filter B
 54587.248 19.596 0.097
 54589.277 19.577 0.065
 54589.282 19.629 0.060
 54591.224 19.716 0.077
 54591.228 19.735 0.069
 54595.223 20.176 0.084
filter r
 54589.263 16.927 0.028
 54591.209 17.011 0.028
 54592.273 17.169 0.018
 54595.235 17.170 0.026
