CSP13aad 0.0868 26.5389 -67.4667
filter B
 56599.199 18.820 0.020
 56600.261 18.861 0.021
 56601.232 18.910 0.020
 56602.212 18.923 0.017
 56603.200 18.991 0.016
 56607.247 19.249 0.017
 56608.151 19.364 0.025
 56609.165 19.407 0.022
 56610.087 19.500 0.029
 56612.209 19.732 0.041
 56613.071 19.828 0.048
 56619.163 20.502 0.044
filter g
 56599.180 18.678 0.017
 56600.206 18.727 0.019
 56600.236 18.729 0.017
filter i
 56599.171 19.036 0.028
 56600.244 19.034 0.029
 56601.216 19.061 0.027
 56602.231 19.110 0.028
 56603.187 19.238 0.033
 56607.264 19.130 0.033
 56608.167 19.282 0.033
 56609.145 19.494 0.041
 56609.152 19.410 0.035
 56610.074 19.458 0.039
 56612.188 19.630 0.044
 56613.094 19.505 0.038
 56619.182 19.521 0.042
filter r
 56599.176 18.586 0.016
 56600.240 18.641 0.016
 56601.212 18.639 0.014
 56602.225 18.679 0.017
 56603.181 18.695 0.014
 56607.258 18.826 0.013
 56608.162 18.885 0.015
 56609.138 18.930 0.016
 56610.068 18.987 0.017
 56612.194 19.095 0.019
 56613.087 19.201 0.022
 56619.176 19.486 0.020
 56621.077 19.531 0.046
filter V
 56599.080 18.702 0.015
 56599.089 18.694 0.017
 56600.256 18.683 0.018
 56601.228 18.723 0.017
 56602.238 18.724 0.015
 56603.194 18.779 0.013
 56608.156 18.953 0.018
 56609.158 19.005 0.020
 56610.081 19.073 0.022
 56612.202 19.189 0.026
 56613.079 19.276 0.027
 56619.169 19.630 0.025
filter Y
 56607.128 19.258 0.051
 56607.177 19.444 0.062
 56611.242 19.433 0.041
 56613.064 19.455 0.034
 56617.180 19.328 0.029
filter Jrc2
 56607.200 20.173 0.136
 56611.207 20.130 0.093
 56613.093 20.409 0.102
