CSP13abl 0.0404 99.5290 -75.7270
filter B
 56653.244 22.238 0.164
 56654.277 22.088 0.119
 56655.271 21.932 0.087
 56656.266 21.743 0.140
 56659.182 21.912 0.100
 56663.227 21.980 0.107
 56665.172 22.137 0.175
 56665.180 21.924 0.116
 56667.174 21.949 0.198
filter i
 56653.254 19.591 0.030
 56654.263 19.553 0.028
 56655.245 19.593 0.030
 56656.286 19.507 0.028
 56659.168 19.637 0.034
 56663.204 19.732 0.030
 56665.202 20.059 0.044
 56667.156 20.357 0.063
 56669.141 20.505 0.075
filter H
 56654.282 17.968 0.031
 56670.216 18.744 0.064
filter r
 56653.250 20.280 0.037
 56654.267 20.146 0.028
 56655.250 20.035 0.022
 56656.280 19.983 0.035
 56659.163 19.917 0.024
 56663.211 19.979 0.020
 56665.195 20.157 0.028
 56667.140 20.339 0.034
 56669.136 20.546 0.077
filter V
 56653.240 20.911 0.067
 56654.272 20.739 0.039
 56655.265 20.724 0.041
 56656.273 20.706 0.052
 56659.174 20.582 0.037
 56663.219 20.690 0.034
 56665.187 20.861 0.056
 56667.166 20.824 0.058
 56669.146 20.660 0.108
filter Y
 56654.263 18.441 0.018
 56670.189 19.250 0.029
filter Jrc2
 56654.311 18.100 0.017
