CSP13Q 0.0890 30.5898 -65.7357
filter i
 56342.068 19.390 0.041
 56343.047 19.442 0.030
 56344.053 19.419 0.033
 56345.066 19.651 0.057
filter B
 56341.089 19.048 0.030
 56342.085 19.135 0.021
 56343.024 19.151 0.027
 56344.037 19.243 0.022
 56346.084 19.347 0.075
filter r
 56342.060 19.019 0.020
 56343.056 18.986 0.019
 56344.045 19.053 0.022
 56345.058 19.092 0.026
 56346.051 18.978 0.128
filter V
 56341.093 18.899 0.022
 56342.076 18.915 0.020
 56343.031 18.918 0.020
 56344.027 18.932 0.019
 56345.074 19.049 0.040
 56346.067 18.853 0.100
