CSP12G 0.0370 135.5097 10.3000
filter B
 56253.350 17.632 0.011
 56254.349 17.728 0.011
 56255.340 17.809 0.012
 56256.294 17.898 0.012
 56257.330 17.990 0.011
 56258.292 18.093 0.017
 56262.272 18.551 0.022
 56263.312 18.711 0.019
 56264.349 18.838 0.130
 56270.309 19.347 0.017
 56275.293 19.734 0.021
filter i
 56253.332 17.926 0.011
 56254.328 17.986 0.009
 56254.334 17.973 0.011
 56255.323 18.067 0.014
 56256.317 18.132 0.014
 56257.355 18.179 0.012
 56258.309 18.265 0.012
 56259.286 18.316 0.045
 56262.298 18.373 0.015
 56263.287 18.372 0.014
 56270.325 18.277 0.009
 56275.317 18.272 0.012
filter H
 56253.363 18.186 0.070
 56258.306 18.369 0.048
filter r
 56253.338 17.305 0.008
 56254.322 17.360 0.008
 56255.328 17.400 0.010
 56256.310 17.457 0.008
 56257.347 17.510 0.007
 56258.301 17.558 0.007
 56259.261 17.614 0.021
 56262.290 17.771 0.011
 56263.295 17.787 0.009
 56275.309 18.142 0.010
 56277.339 18.237 0.009
filter V
 56253.344 17.375 0.008
 56254.342 17.395 0.008
 56255.335 17.456 0.011
 56256.302 17.498 0.009
 56257.338 17.540 0.008
 56258.284 17.595 0.010
 56259.292 17.706 0.054
 56259.313 17.652 0.098
 56262.282 17.853 0.011
 56263.304 17.945 0.012
 56270.317 18.352 0.010
 56275.301 18.622 0.012
 56277.347 18.765 0.013
filter Y
 56253.339 18.107 0.047
 56254.324 18.138 0.018
 56258.282 18.182 0.019
 56259.310 18.090 0.051
filter Jrc2
 56253.355 18.229 0.031
 56254.340 18.362 0.028
 56258.334 18.857 0.034
