CSP13aam 0.0749 78.6979 -66.8414
filter i
 56622.291 18.961 0.020
 56623.248 18.996 0.022
 56624.306 18.956 0.019
 56631.310 19.142 0.022
 56639.214 19.752 0.035
 56646.253 19.562 0.042
 56653.218 19.598 0.029
filter B
 56620.354 18.523 0.057
 56622.278 18.410 0.019
 56623.265 18.447 0.025
 56624.289 18.452 0.024
 56631.319 18.733 0.020
 56639.204 19.352 0.034
filter r
 56622.286 18.430 0.013
 56623.253 18.427 0.016
 56624.302 18.392 0.015
 56631.306 18.517 0.013
 56639.210 18.911 0.017
 56646.249 19.154 0.023
 56653.222 19.396 0.018
filter J
 56626.237 19.164 0.184
filter V
 56620.363 18.492 0.100
 56622.282 18.420 0.017
 56623.260 18.414 0.018
 56624.294 18.388 0.018
 56631.315 18.533 0.017
 56639.198 18.934 0.026
 56646.244 19.389 0.035
 56653.232 19.811 0.035
