LSQ12hnr 0.1243 160.8115 -8.7780
filter i
 56285.290 19.776 0.025
 56286.326 19.769 0.021
 56289.242 19.830 0.034
 56290.248 19.777 0.033
 56291.254 19.922 0.037
 56292.283 19.891 0.038
 56299.301 20.340 0.039
filter Y
 56285.318 19.850 0.035
 56288.315 19.899 0.033
 56289.320 19.944 0.043
 56292.336 20.081 0.042
filter r
 56285.299 19.364 0.016
 56286.315 19.363 0.014
 56289.254 19.378 0.022
 56290.240 19.403 0.022
 56291.246 19.446 0.025
 56292.275 19.481 0.026
 56299.293 19.886 0.020
filter B
 56285.317 19.586 0.017
 56286.303 19.636 0.017
 56289.280 19.748 0.035
 56290.264 19.833 0.050
 56291.270 19.887 0.042
 56292.258 19.873 0.042
 56299.273 20.559 0.024
filter V
 56285.309 19.365 0.016
 56286.292 19.370 0.020
 56289.268 19.434 0.026
 56290.256 19.518 0.034
 56291.262 19.531 0.034
 56292.267 19.598 0.030
 56299.284 19.973 0.025
