LSQ13ry 0.0298 158.2000 4.1977
filter B
 56383.144 18.783 0.014
 56384.115 18.318 0.011
 56385.119 17.922 0.011
 56386.056 17.635 0.011
 56387.117 17.369 0.011
 56388.115 17.173 0.011
 56389.040 17.016 0.012
 56390.062 16.885 0.014
 56391.082 16.812 0.011
 56393.196 16.703 0.011
 56397.035 16.690 0.011
 56398.054 16.732 0.012
 56399.070 16.790 0.012
 56400.020 16.854 0.011
 56400.989 16.909 0.013
 56406.058 17.399 0.032
 56407.066 17.515 0.019
 56408.171 17.649 0.020
 56409.126 17.867 0.033
 56410.028 17.900 0.014
 56411.062 17.994 0.014
 56414.011 18.393 0.014
 56415.106 18.541 0.015
 56415.989 18.653 0.015
 56417.024 18.733 0.015
 56417.979 18.878 0.016
 56418.979 18.962 0.016
 56419.987 19.039 0.020
 56422.053 19.231 0.019
 56423.046 19.268 0.029
 56423.993 19.294 0.024
 56425.984 19.511 0.022
 56427.004 19.569 0.024
 56432.992 19.868 0.068
 56436.028 19.913 0.065
filter g
 56383.181 18.631 0.013
 56384.128 18.226 0.009
 56385.086 17.862 0.011
 56386.066 17.584 0.009
 56387.093 17.334 0.010
 56388.097 17.151 0.010
 56389.051 16.989 0.011
 56390.044 16.858 0.013
 56391.088 16.760 0.011
 56393.183 16.660 0.010
 56397.041 16.613 0.010
 56398.044 16.647 0.011
 56406.031 17.200 0.030
 56407.048 17.281 0.014
 56408.140 17.398 0.013
 56410.041 17.589 0.009
 56411.075 17.679 0.010
 56412.062 17.823 0.008
 56413.979 18.021 0.009
 56415.118 18.170 0.009
 56416.002 18.248 0.011
 56416.991 18.360 0.011
 56417.990 18.460 0.010
 56418.990 18.574 0.010
 56420.006 18.681 0.014
 56422.059 18.848 0.012
 56423.058 18.921 0.013
 56423.961 19.050 0.017
 56425.995 19.134 0.016
 56426.976 19.210 0.017
 56436.043 19.478 0.039
 56445.961 19.771 0.023
filter i
 56383.174 18.876 0.019
 56384.141 18.488 0.016
 56385.098 18.146 0.015
 56386.075 17.858 0.017
 56387.101 17.617 0.014
 56388.103 17.450 0.016
 56389.056 17.305 0.015
 56390.049 17.160 0.019
 56391.107 17.145 0.017
 56393.176 17.134 0.011
 56397.046 17.323 0.017
 56398.039 17.314 0.017
 56399.059 17.372 0.012
 56400.013 17.412 0.015
 56400.996 17.436 0.017
 56400.999 17.491 0.017
 56407.054 18.096 0.020
 56408.126 18.249 0.047
 56409.104 18.073 0.028
 56410.063 18.107 0.015
 56411.098 18.106 0.016
 56412.050 18.098 0.014
 56413.990 18.002 0.013
 56415.129 18.017 0.016
 56416.013 17.934 0.017
 56417.002 17.920 0.013
 56418.002 17.921 0.014
 56419.002 17.906 0.013
 56420.000 17.880 0.015
 56422.069 17.934 0.012
 56423.069 17.965 0.014
 56423.971 18.042 0.017
 56426.005 18.209 0.016
 56426.981 18.294 0.017
 56436.054 18.907 0.034
 56445.974 19.264 0.028
filter H
 56383.137 18.712 0.069
 56384.166 18.332 0.060
 56385.087 17.911 0.027
 56399.078 17.666 0.027
 56400.071 17.736 0.031
filter Jrc2
 56383.157 18.597 0.030
 56384.183 18.200 0.025
 56385.100 17.876 0.017
 56399.055 17.550 0.013
 56400.085 17.693 0.015
filter u
 56383.188 19.368 0.048
 56384.148 18.697 0.028
 56385.105 18.125 0.025
 56386.080 17.733 0.025
 56387.106 17.459 0.022
 56388.107 17.233 0.022
 56389.061 17.071 0.021
 56390.054 16.972 0.023
 56391.101 16.887 0.021
 56393.188 16.948 0.023
 56397.049 17.179 0.024
 56398.048 17.238 0.026
 56407.058 18.503 0.045
 56408.147 18.610 0.052
 56410.050 18.957 0.040
 56411.084 19.097 0.036
 56412.071 19.166 0.028
 56413.998 19.410 0.035
 56415.137 19.662 0.059
 56416.021 19.629 0.038
 56417.010 19.791 0.040
 56418.009 19.825 0.043
 56419.010 20.058 0.058
 56419.020 20.028 0.053
 56420.015 20.022 0.039
 56423.077 20.125 0.061
 56423.980 20.347 0.048
 56426.014 20.418 0.053
 56426.990 20.608 0.076
filter V
 56383.156 18.693 0.014
 56384.122 18.286 0.012
 56385.112 17.949 0.013
 56386.061 17.697 0.014
 56387.112 17.459 0.011
 56388.112 17.258 0.012
 56389.048 17.122 0.012
 56390.058 16.968 0.015
 56391.086 16.872 0.013
 56393.193 16.774 0.011
 56397.038 16.719 0.011
 56398.051 16.717 0.013
 56399.066 16.761 0.012
 56400.017 16.771 0.011
 56400.986 16.848 0.015
 56406.053 17.165 0.046
 56407.063 17.196 0.015
 56408.164 17.265 0.014
 56409.120 17.347 0.017
 56410.034 17.404 0.010
 56411.069 17.440 0.011
 56414.005 17.646 0.011
 56415.112 17.746 0.010
 56415.995 17.811 0.011
 56417.018 17.847 0.013
 56417.984 17.944 0.011
 56418.985 18.014 0.011
 56419.981 18.114 0.016
 56422.047 18.248 0.017
 56423.053 18.343 0.012
 56423.988 18.391 0.015
 56425.990 18.530 0.015
 56426.998 18.591 0.017
 56436.036 18.965 0.028
 56445.981 19.282 0.021
filter Y
 56383.114 18.605 0.025
 56384.144 18.213 0.020
 56385.066 17.947 0.016
 56399.100 17.601 0.015
 56400.049 17.661 0.014
filter r
 56383.166 18.709 0.012
 56384.134 18.328 0.012
 56385.092 17.967 0.012
 56386.070 17.680 0.011
 56387.097 17.444 0.009
 56388.100 17.252 0.012
 56389.053 17.089 0.011
 56390.047 16.960 0.013
 56391.093 16.893 0.018
 56393.180 16.752 0.008
 56397.043 16.714 0.013
 56398.042 16.669 0.011
 56399.062 16.730 0.009
 56400.010 16.787 0.010
 56400.993 16.856 0.014
 56406.034 17.174 0.042
 56407.051 17.283 0.013
 56408.132 17.372 0.012
 56409.111 17.383 0.014
 56410.057 17.409 0.009
 56411.092 17.433 0.009
 56412.056 17.456 0.008
 56413.984 17.487 0.009
 56415.124 17.529 0.008
 56416.007 17.524 0.011
 56416.997 17.551 0.009
 56417.996 17.601 0.010
 56418.996 17.630 0.009
 56419.994 17.678 0.012
 56422.064 17.803 0.009
 56423.063 17.864 0.010
 56423.966 17.955 0.012
 56426.000 18.086 0.011
 56426.971 18.146 0.013
 56436.049 18.637 0.020
 56445.967 18.984 0.018
