LSQ12gzm 0.0999 40.1817 -34.7405
filter i
 56268.116 19.771 0.033
 56269.163 19.710 0.026
 56270.124 19.691 0.021
 56271.147 19.707 0.025
 56273.097 19.668 0.023
 56276.082 19.717 0.025
 56278.143 19.719 0.025
 56279.073 19.750 0.024
filter r
 56268.109 19.720 0.021
 56269.150 19.611 0.048
 56269.155 19.646 0.019
 56270.116 19.545 0.017
 56271.139 19.502 0.016
 56273.090 19.432 0.017
 56276.074 19.415 0.015
 56278.135 19.436 0.016
 56279.082 19.459 0.014
filter B
 56268.134 19.781 0.024
 56268.138 19.781 0.028
 56269.180 19.709 0.022
 56270.141 19.656 0.020
 56271.121 19.596 0.019
 56273.113 19.600 0.019
 56276.098 19.621 0.018
 56278.160 19.708 0.019
 56279.098 19.791 0.023
filter V
 56268.124 19.677 0.027
 56268.128 19.641 0.025
 56269.172 19.595 0.020
 56270.133 19.580 0.019
 56271.129 19.486 0.020
 56273.105 19.436 0.018
 56276.090 19.469 0.016
 56278.152 19.468 0.017
 56279.090 19.456 0.020
