LSQ12hno 0.0473 55.6802 -2.6694
filter B
 56283.153 18.300 0.015
 56284.258 18.323 0.013
 56288.244 18.361 0.024
 56289.139 18.430 0.021
 56290.115 18.530 0.018
 56291.225 18.595 0.022
 56293.131 18.744 0.017
 56294.167 18.818 0.019
 56297.207 19.105 0.019
filter i
 56283.166 18.511 0.016
 56284.244 18.542 0.017
 56289.123 18.595 0.019
 56290.132 18.665 0.017
 56291.206 18.745 0.022
 56293.153 18.870 0.018
 56294.146 18.966 0.018
 56297.192 19.228 0.028
 56306.126 19.172 0.021
filter H
 56284.133 18.202 0.039
 56285.155 18.199 0.043
 56287.210 18.509 0.068
filter r
 56283.160 18.122 0.013
 56284.237 18.081 0.010
 56289.115 18.134 0.013
 56290.123 18.188 0.014
 56291.212 18.219 0.016
 56293.146 18.294 0.013
 56294.153 18.386 0.012
 56297.185 18.567 0.011
 56306.119 18.867 0.013
filter V
 56283.146 18.214 0.014
 56284.252 18.212 0.015
 56286.163 18.217 0.013
 56289.132 18.253 0.018
 56290.107 18.283 0.015
 56291.218 18.285 0.017
 56293.139 18.416 0.014
 56294.160 18.459 0.015
 56297.199 18.629 0.015
 56306.112 19.169 0.016
filter Y
 56284.112 18.360 0.021
 56285.135 18.395 0.022
 56287.192 18.672 0.030
 56289.075 18.802 0.027
 56294.091 18.968 0.027
filter Jrc2
 56284.161 18.085 0.023
 56285.187 18.180 0.024
 56288.129 18.327 0.032
 56289.096 18.485 0.034
 56294.113 19.070 0.049
