PTF14w 0.0189 180.8804 2.0428
filter B
 56663.309 16.687 0.012
 56664.336 16.497 0.007
 56665.308 16.378 0.006
 56666.322 16.277 0.009
 56667.308 16.218 0.007
 56668.313 16.216 0.016
 56669.306 16.171 0.005
 56670.346 16.208 0.012
 56671.310 16.206 0.011
 56672.340 16.212 0.011
 56673.346 16.298 0.011
 56675.356 16.453 0.014
 56677.306 16.669 0.014
 56680.365 17.105 0.019
 56681.349 17.247 0.013
 56682.319 17.408 0.011
 56684.348 17.689 0.013
 56685.273 17.817 0.015
 56686.326 17.943 0.014
 56687.282 18.058 0.014
 56689.306 18.306 0.016
 56690.288 18.382 0.015
 56694.215 18.726 0.024
 56696.348 18.867 0.019
 56698.317 18.954 0.022
 56699.214 19.017 0.050
 56701.222 19.069 0.045
 56708.250 19.335 0.054
 56709.304 19.301 0.038
 56710.307 19.322 0.032
 56711.328 19.333 0.030
 56712.398 19.450 0.073
 56713.376 19.409 0.035
 56720.288 19.538 0.027
 56725.275 19.604 0.027
 56742.240 19.881 0.026
 56752.124 20.063 0.029
 56758.187 20.223 0.108
 56765.191 20.203 0.062
filter g
 56663.319 16.592 0.007
 56664.340 16.418 0.007
 56665.314 16.303 0.005
 56666.330 16.193 0.012
 56667.293 16.152 0.006
 56668.300 16.106 0.007
 56669.313 16.077 0.005
 56670.341 16.093 0.009
 56671.301 16.090 0.008
 56672.331 16.126 0.006
 56673.350 16.168 0.008
 56675.360 16.305 0.010
 56677.310 16.470 0.011
 56680.350 16.804 0.013
 56681.341 16.935 0.012
 56682.329 17.046 0.007
 56684.336 17.304 0.006
 56685.266 17.420 0.008
 56686.331 17.561 0.007
 56687.286 17.676 0.008
 56689.289 17.890 0.010
 56690.293 18.013 0.010
 56694.219 18.397 0.012
 56696.356 18.547 0.015
 56698.306 18.636 0.011
 56699.206 18.725 0.027
 56701.230 18.738 0.026
 56703.325 18.828 0.065
 56708.238 18.974 0.023
 56709.291 18.939 0.022
 56710.287 18.986 0.019
 56711.310 19.032 0.018
 56712.388 19.111 0.023
 56713.365 19.092 0.018
 56720.300 19.191 0.018
 56725.255 19.281 0.016
 56742.220 19.565 0.020
 56752.105 19.742 0.018
 56758.201 19.952 0.059
 56765.224 19.996 0.046
 56765.226 19.988 0.057
 56795.040 20.514 0.017
filter i
 56663.320 16.855 0.011
 56664.343 16.693 0.008
 56665.318 16.585 0.006
 56666.336 16.527 0.010
 56667.297 16.558 0.007
 56668.304 16.581 0.009
 56669.318 16.615 0.007
 56670.339 16.633 0.014
 56671.304 16.647 0.015
 56672.334 16.657 0.009
 56673.353 16.705 0.011
 56675.363 16.877 0.017
 56677.313 17.086 0.017
 56680.352 17.210 0.018
 56681.338 17.199 0.013
 56682.332 17.188 0.011
 56684.333 17.101 0.010
 56685.262 17.088 0.010
 56686.335 17.050 0.009
 56687.289 17.023 0.008
 56689.293 17.010 0.009
 56690.296 17.045 0.013
 56694.223 17.349 0.014
 56696.355 17.556 0.013
 56698.304 17.718 0.012
 56699.204 17.769 0.014
 56701.234 17.887 0.017
 56703.328 18.080 0.031
 56708.236 18.260 0.021
 56709.290 18.267 0.020
 56710.285 18.367 0.022
 56711.308 18.385 0.021
 56712.386 18.428 0.018
 56713.364 18.500 0.022
 56720.304 18.735 0.023
 56725.260 18.945 0.021
 56735.277 19.349 0.048
 56742.225 19.520 0.029
 56752.090 19.905 0.103
 56752.095 19.869 0.062
 56758.204 20.032 0.078
 56765.205 20.210 0.037
 56795.018 20.944 0.068
filter H
 56666.305 16.371 0.071
 56669.293 16.638 0.027
 56671.277 16.713 0.038
 56674.335 16.926 0.031
 56677.329 17.051 0.025
 56682.363 16.990 0.024
 56700.245 17.433 0.042
 56725.256 18.771 0.128
filter r
 56663.317 16.610 0.010
 56664.342 16.436 0.008
 56665.316 16.314 0.005
 56666.333 16.199 0.007
 56667.295 16.175 0.007
 56668.302 16.141 0.007
 56669.315 16.089 0.005
 56670.340 16.092 0.011
 56671.302 16.076 0.011
 56672.332 16.089 0.007
 56673.351 16.120 0.007
 56675.361 16.234 0.010
 56677.312 16.401 0.014
 56680.351 16.606 0.014
 56681.340 16.619 0.010
 56682.331 16.667 0.008
 56684.335 16.699 0.006
 56685.264 16.728 0.009
 56686.333 16.756 0.007
 56687.288 16.781 0.006
 56689.291 16.888 0.008
 56690.294 16.970 0.010
 56694.221 17.347 0.010
 56696.353 17.518 0.012
 56698.303 17.641 0.010
 56699.202 17.707 0.014
 56701.232 17.794 0.014
 56703.327 17.925 0.028
 56708.235 18.104 0.019
 56709.288 18.124 0.017
 56710.284 18.166 0.015
 56711.307 18.217 0.014
 56712.385 18.248 0.013
 56713.362 18.298 0.015
 56720.303 18.527 0.017
 56725.258 18.712 0.014
 56735.284 19.046 0.048
 56735.288 19.052 0.046
 56735.338 19.117 0.088
 56735.339 18.959 0.084
 56735.340 19.185 0.111
 56735.343 19.038 0.091
 56742.223 19.335 0.020
 56752.100 19.683 0.024
 56758.198 19.787 0.055
 56765.215 20.146 0.042
 56795.033 21.032 0.043
filter u
 56663.323 17.155 0.013
 56664.345 17.009 0.012
 56665.321 16.900 0.011
 56666.340 16.834 0.011
 56667.301 16.835 0.010
 56668.308 16.855 0.011
 56669.321 16.919 0.010
 56670.343 16.996 0.014
 56671.306 17.082 0.016
 56672.336 17.153 0.016
 56673.355 17.335 0.020
 56675.365 17.488 0.021
 56677.316 17.843 0.025
 56680.355 18.307 0.022
 56681.344 18.463 0.020
 56682.336 18.597 0.019
 56684.339 18.965 0.020
 56685.268 19.074 0.026
 56686.338 19.223 0.030
 56687.297 19.341 0.034
 56689.296 19.502 0.032
 56690.299 19.574 0.032
 56694.226 19.951 0.039
 56696.360 20.077 0.039
 56696.367 20.038 0.047
 56698.309 20.177 0.049
 56699.209 19.928 0.112
 56701.237 20.155 0.076
 56708.241 20.485 0.102
 56709.294 20.421 0.090
 56709.299 20.307 0.096
 56710.293 20.408 0.057
 56710.301 20.619 0.069
 56711.314 20.520 0.062
 56711.322 20.575 0.065
 56712.392 20.471 0.079
 56713.370 20.589 0.065
 56720.310 20.673 0.044
 56725.266 20.889 0.051
 56742.231 21.260 0.073
 56752.112 21.734 0.153
filter V
 56663.311 16.660 0.009
 56664.338 16.484 0.006
 56665.311 16.368 0.005
 56666.326 16.242 0.011
 56667.305 16.196 0.006
 56668.311 16.147 0.009
 56669.309 16.113 0.006
 56670.345 16.116 0.012
 56671.308 16.119 0.010
 56672.342 16.111 0.008
 56673.348 16.132 0.009
 56675.358 16.203 0.012
 56677.308 16.347 0.011
 56680.359 16.547 0.014
 56681.348 16.643 0.010
 56682.327 16.709 0.008
 56684.346 16.861 0.007
 56685.272 16.950 0.009
 56686.328 17.035 0.008
 56687.284 17.096 0.008
 56689.304 17.274 0.011
 56690.290 17.366 0.010
 56694.213 17.750 0.012
 56696.350 17.897 0.014
 56698.315 18.025 0.013
 56699.212 18.078 0.023
 56701.228 18.164 0.024
 56703.334 18.232 0.050
 56708.249 18.390 0.022
 56709.302 18.476 0.023
 56710.305 18.459 0.019
 56711.327 18.474 0.019
 56712.397 18.516 0.025
 56713.374 18.581 0.020
 56720.297 18.737 0.021
 56725.273 18.881 0.018
 56742.237 19.312 0.022
 56752.119 19.526 0.028
 56758.191 19.661 0.051
 56765.198 19.821 0.037
 56795.050 20.514 0.031
filter Y
 56666.299 16.348 0.042
 56669.286 16.567 0.019
 56671.264 16.722 0.022
 56674.321 16.970 0.021
 56677.323 17.094 0.030
 56682.356 17.028 0.024
 56700.238 16.895 0.030
 56725.237 18.397 0.034
filter Jrc2
 56666.315 16.377 0.075
 56669.308 16.466 0.015
 56669.313 16.471 0.011
 56671.282 16.605 0.038
 56674.353 17.037 0.017
 56677.340 17.568 0.040
 56682.372 17.841 0.047
 56700.268 18.125 0.043
 56725.281 19.777 0.158
