PTF13dym 0.0421 351.1258 14.6511
filter B
 56604.083 18.189 0.012
 56605.083 18.009 0.009
 56611.056 17.787 0.013
 56612.076 17.844 0.016
 56613.060 17.975 0.017
 56614.073 17.991 0.014
 56619.085 18.807 0.023
 56620.046 18.907 0.026
 56621.045 19.131 0.027
 56624.025 19.421 0.031
 56638.040 19.767 0.072
filter i
 56604.096 18.248 0.016
 56605.092 18.063 0.020
 56607.107 17.884 0.019
 56611.042 17.889 0.018
 56612.063 17.816 0.018
 56613.050 17.832 0.014
 56614.060 17.864 0.013
 56619.076 18.012 0.016
 56620.038 18.025 0.026
 56624.036 18.150 0.018
 56630.045 18.456 0.020
 56638.052 19.887 0.054
filter H
 56613.019 16.717 0.030
 56623.018 17.012 0.035
filter r
 56604.092 18.169 0.012
 56605.088 18.042 0.013
 56607.111 17.792 0.014
 56611.046 17.553 0.010
 56612.067 17.542 0.012
 56613.046 17.541 0.011
 56614.064 17.567 0.011
 56619.072 17.810 0.013
 56620.034 17.863 0.012
 56621.054 17.929 0.024
 56624.031 18.163 0.016
 56630.041 18.695 0.020
 56638.047 19.201 0.033
filter V
 56604.087 18.170 0.012
 56605.077 18.021 0.010
 56611.051 17.704 0.015
 56612.072 17.662 0.014
 56613.055 17.624 0.013
 56614.068 17.651 0.013
 56619.080 18.044 0.016
 56620.042 18.366 0.027
 56621.050 18.302 0.019
 56624.020 18.882 0.030
 56630.032 19.613 0.043
filter Y
 56611.032 17.671 0.017
 56613.011 17.486 0.021
 56618.081 17.557 0.017
 56623.008 17.280 0.017
filter Jrc2
 56611.052 17.355 0.018
 56613.028 16.690 0.019
 56618.103 17.162 0.021
 56623.026 17.050 0.025
