SN2013M 0.0349 209.9862 -37.8637
filter B
 56316.313 17.326 0.022
 56317.362 17.146 0.021
 56318.386 17.101 0.026
 56319.307 17.016 0.025
 56320.301 16.947 0.024
 56321.288 16.950 0.023
 56322.323 16.901 0.023
 56323.334 16.865 0.030
 56324.363 16.899 0.033
 56325.357 16.928 0.027
 56326.393 16.996 0.026
 56327.347 17.015 0.021
 56328.374 17.074 0.021
 56329.317 17.137 0.021
 56330.329 17.172 0.022
 56331.383 17.280 0.022
 56336.404 17.820 0.045
 56337.331 17.917 0.024
 56338.347 18.029 0.027
 56339.365 18.212 0.037
 56340.333 18.299 0.032
 56341.349 18.438 0.025
 56342.335 18.520 0.038
 56344.373 18.776 0.037
 56345.337 18.857 0.043
 56346.331 18.964 0.032
 56351.346 19.464 0.068
 56352.335 19.423 0.063
 56354.337 19.573 0.069
 56355.316 19.661 0.038
 56356.392 19.710 0.069
 56357.308 19.746 0.068
 56368.381 20.028 0.096
 56377.186 20.120 0.079
 56398.323 20.403 0.089
filter g
 56316.333 17.252 0.013
 56317.326 17.117 0.012
 56318.351 17.000 0.015
 56319.272 16.959 0.016
 56320.265 16.885 0.012
 56321.252 16.851 0.015
 56322.337 16.801 0.021
 56322.350 16.813 0.017
 56323.298 16.798 0.014
 56324.369 16.830 0.009
 56325.368 16.812 0.019
 56326.363 16.857 0.016
 56327.360 16.882 0.015
 56328.357 16.958 0.008
 56329.328 16.988 0.011
 56330.341 17.037 0.010
 56331.353 17.107 0.010
 56336.381 17.540 0.026
 56337.341 17.636 0.016
 56338.316 17.761 0.019
 56339.327 17.840 0.020
 56340.342 17.941 0.021
 56341.359 18.081 0.015
 56342.345 18.178 0.014
 56343.403 18.296 0.020
 56344.378 18.401 0.015
 56345.346 18.470 0.035
 56346.341 18.567 0.027
 56351.362 19.045 0.030
 56352.349 19.124 0.033
 56354.351 19.199 0.036
 56355.329 19.293 0.031
 56356.365 19.357 0.043
 56357.322 19.425 0.036
 56360.391 19.533 0.040
 56368.349 19.712 0.032
 56377.202 19.800 0.047
 56388.339 19.977 0.030
 56398.345 20.099 0.038
 56400.365 20.148 0.041
filter i
 56316.346 17.543 0.014
 56317.338 17.436 0.014
 56318.363 17.359 0.014
 56319.284 17.336 0.014
 56320.278 17.322 0.014
 56321.264 17.316 0.015
 56322.362 17.337 0.016
 56323.310 17.359 0.017
 56324.374 17.383 0.013
 56325.378 17.351 0.017
 56326.373 17.388 0.015
 56327.372 17.382 0.014
 56328.340 17.500 0.012
 56329.338 17.451 0.015
 56330.354 17.520 0.014
 56331.362 17.610 0.014
 56336.390 17.960 0.022
 56337.350 17.959 0.017
 56338.326 17.958 0.017
 56339.337 17.937 0.020
 56340.352 17.881 0.024
 56341.368 17.880 0.017
 56342.360 17.842 0.016
 56344.352 17.841 0.015
 56345.355 17.788 0.021
 56346.351 17.798 0.019
 56351.374 17.764 0.019
 56352.361 17.780 0.022
 56354.363 17.933 0.023
 56355.342 18.058 0.022
 56356.378 18.126 0.023
 56357.334 18.229 0.023
 56360.403 18.409 0.025
 56368.365 18.795 0.025
 56369.401 18.841 0.026
 56377.218 19.170 0.029
 56388.354 19.549 0.028
 56398.363 19.862 0.036
 56400.385 19.918 0.036
filter H
 56318.334 17.362 0.076
 56327.382 17.754 0.080
 56347.298 17.479 0.035
 56349.353 17.483 0.076
 56350.350 17.477 0.076
 56351.366 17.376 0.074
 56353.381 17.339 0.076
 56354.311 17.604 0.037
filter J
 56325.355 17.503 0.011
filter r
 56316.339 17.288 0.014
 56317.332 17.154 0.013
 56318.357 17.055 0.014
 56319.278 16.970 0.014
 56320.272 16.922 0.014
 56321.258 16.859 0.014
 56322.356 16.834 0.016
 56323.304 16.787 0.018
 56324.371 16.780 0.012
 56325.373 16.778 0.017
 56326.368 16.793 0.014
 56327.366 16.813 0.014
 56328.362 16.829 0.011
 56329.333 16.858 0.015
 56330.345 16.894 0.014
 56331.357 16.970 0.011
 56336.386 17.298 0.020
 56337.345 17.341 0.018
 56338.320 17.366 0.016
 56339.332 17.382 0.019
 56340.347 17.395 0.021
 56341.363 17.440 0.014
 56342.349 17.445 0.016
 56342.355 17.426 0.015
 56343.407 17.473 0.018
 56344.382 17.491 0.015
 56345.350 17.474 0.018
 56346.345 17.520 0.017
 56351.368 17.763 0.016
 56352.355 17.805 0.020
 56354.357 17.985 0.022
 56355.336 18.053 0.018
 56356.371 18.145 0.021
 56357.328 18.183 0.019
 56360.397 18.310 0.025
 56368.357 18.595 0.024
 56369.393 18.645 0.022
 56377.210 18.892 0.031
 56388.346 19.251 0.022
 56398.354 19.532 0.022
 56400.375 19.598 0.025
filter u
 56316.354 17.829 0.019
 56317.347 17.720 0.019
 56318.372 17.665 0.019
 56319.293 17.591 0.021
 56320.286 17.561 0.020
 56321.273 17.505 0.019
 56322.371 17.452 0.019
 56323.319 17.549 0.018
 56324.383 17.585 0.021
 56325.385 17.688 0.021
 56326.380 17.693 0.020
 56327.381 17.807 0.019
 56328.349 17.909 0.019
 56329.347 17.947 0.018
 56330.363 18.089 0.023
 56331.371 18.236 0.020
 56336.395 19.098 0.048
 56337.359 19.016 0.028
 56338.334 19.197 0.063
 56339.346 19.335 0.033
 56340.361 19.513 0.034
 56341.377 19.606 0.034
 56342.369 19.774 0.078
 56344.361 20.039 0.071
 56345.364 20.091 0.062
 56346.359 20.420 0.113
 56351.382 20.561 0.109
 56352.370 20.841 0.130
filter V
 56316.326 17.332 0.014
 56317.356 17.192 0.013
 56318.380 17.084 0.021
 56319.301 17.009 0.015
 56320.295 16.948 0.022
 56321.282 16.910 0.021
 56322.330 16.868 0.015
 56323.328 16.860 0.016
 56324.366 16.877 0.012
 56325.363 16.859 0.015
 56326.388 16.851 0.014
 56327.353 16.874 0.015
 56328.368 16.902 0.009
 56329.323 16.918 0.015
 56330.335 16.961 0.013
 56331.379 17.001 0.014
 56336.399 17.316 0.019
 56337.336 17.379 0.016
 56338.343 17.456 0.016
 56339.355 17.517 0.022
 56340.337 17.557 0.023
 56341.354 17.624 0.016
 56342.340 17.709 0.017
 56344.369 17.845 0.026
 56345.341 17.877 0.031
 56346.336 17.945 0.024
 56351.354 18.273 0.026
 56352.342 18.335 0.033
 56354.344 18.465 0.043
 56355.323 18.578 0.033
 56356.384 18.608 0.032
 56357.315 18.706 0.030
 56360.409 18.831 0.029
 56368.374 19.144 0.035
 56377.194 19.295 0.044
 56398.334 19.739 0.057
filter Y
 56318.319 17.261 0.011
 56319.341 17.239 0.020
 56320.325 17.340 0.011
 56325.352 17.732 0.012
 56326.365 17.746 0.012
 56327.367 17.787 0.015
 56347.293 17.275 0.017
 56348.304 17.182 0.012
 56350.343 17.049 0.015
 56351.373 17.027 0.015
 56353.366 17.008 0.011
 56354.304 17.087 0.015
filter Jrc2
 56318.348 17.113 0.014
 56347.287 18.239 0.030
 56348.296 17.975 0.020
 56350.338 17.925 0.029
 56351.380 17.835 0.023
 56353.394 17.811 0.016
 56354.323 17.895 0.024
