SN2011iy 0.0043 197.2432 -15.5178
filter B
 55909.350 13.337 0.006
 55910.360 13.439 0.008
 55916.360 14.037 0.009
 55917.350 14.124 0.006
 55922.370 14.546 0.011
 55923.360 14.632 0.006
 55924.350 14.692 0.006
 55925.370 14.777 0.006
 55926.340 14.832 0.007
 55927.340 14.893 0.006
 55929.360 15.027 0.009
 55931.340 15.237 0.013
 55932.360 15.148 0.009
 55933.370 15.148 0.009
 55935.350 15.210 0.011
 55937.340 15.248 0.006
 55938.360 15.258 0.006
 55939.340 15.288 0.007
 55940.320 15.293 0.007
 55941.340 15.312 0.008
 55942.340 15.328 0.006
 55944.290 15.334 0.008
 55949.300 15.398 0.006
 55955.380 15.470 0.009
 55958.360 15.506 0.009
 55961.330 15.557 0.009
 55962.230 15.555 0.005
 55964.310 15.580 0.007
 55966.340 15.606 0.007
 55967.370 15.641 0.010
 55971.260 15.695 0.009
 55974.350 15.742 0.010
 55979.370 15.807 0.008
 55985.320 15.906 0.007
 55987.360 15.934 0.009
 55988.380 15.947 0.009
 55991.300 15.998 0.008
 55994.250 16.060 0.009
 55996.320 16.080 0.011
 55999.340 16.143 0.011
 56001.260 16.172 0.009
 56003.310 16.207 0.006
 56006.300 16.251 0.008
 56008.210 16.284 0.007
 56012.330 16.372 0.009
 56019.290 16.479 0.008
 56023.140 16.536 0.011
 56032.190 16.692 0.009
 56037.190 16.787 0.011
 56047.210 16.944 0.008
 56056.270 17.084 0.011
filter g
 55909.360 12.939 0.006
 55910.350 13.015 0.008
 55916.360 13.492 0.009
 55917.360 13.590 0.007
 55923.350 14.083 0.006
 55924.330 14.136 0.008
 55925.350 14.228 0.008
 55926.330 14.321 0.006
 55927.350 14.355 0.008
 55929.370 14.519 0.009
 55931.340 14.638 0.009
 55932.370 14.655 0.008
 55933.360 14.686 0.006
 55935.340 14.743 0.009
 55937.350 14.776 0.007
 55938.370 14.797 0.009
 55939.360 14.821 0.008
 55940.340 14.845 0.010
 55941.360 14.868 0.009
 55942.350 14.870 0.007
 55944.280 14.912 0.007
 55949.280 14.981 0.006
 55962.200 15.174 0.006
 55964.280 15.212 0.009
 55966.320 15.260 0.007
 55971.240 15.331 0.009
 55974.350 15.383 0.009
 55979.390 15.460 0.009
 55985.330 15.549 0.007
 55987.380 15.577 0.010
 55988.400 15.606 0.010
 55991.280 15.653 0.011
 55994.220 15.698 0.010
 55996.290 15.759 0.011
 55999.310 15.778 0.011
 56001.230 15.810 0.011
 56003.290 15.849 0.007
 56006.280 15.879 0.012
 56008.220 15.931 0.007
 56012.370 16.001 0.010
 56019.260 16.117 0.010
 56023.170 16.190 0.011
 56032.220 16.314 0.011
 56037.210 16.398 0.010
 56047.190 16.555 0.009
 56056.260 16.717 0.011
filter i
 55909.350 13.623 0.010
 55910.360 13.602 0.010
 55916.350 13.409 0.011
 55917.360 13.363 0.006
 55923.360 13.230 0.011
 55924.350 13.210 0.010
 55925.360 13.259 0.007
 55926.340 13.332 0.008
 55927.360 13.399 0.008
 55929.370 13.576 0.013
 55931.350 13.731 0.010
 55932.370 13.784 0.013
 55933.370 13.850 0.006
 55935.340 13.959 0.009
 55937.340 14.059 0.007
 55938.360 14.071 0.010
 55939.340 14.135 0.011
 55940.330 14.151 0.011
 55941.350 14.240 0.010
 55942.340 14.276 0.007
 55944.270 14.340 0.011
 55949.280 14.538 0.009
 55955.370 14.773 0.010
 55958.370 14.890 0.011
 55961.360 15.012 0.009
 55962.220 15.031 0.007
 55964.290 15.095 0.008
 55966.340 15.183 0.008
 55967.370 15.217 0.011
 55971.250 15.379 0.012
 55974.360 15.467 0.013
 55979.370 15.640 0.009
 55985.330 15.832 0.010
 55987.370 15.901 0.009
 55988.390 15.927 0.010
 55991.300 16.014 0.011
 55994.220 16.119 0.010
 55996.300 16.196 0.015
 55999.320 16.267 0.010
 56001.250 16.305 0.014
 56003.310 16.384 0.009
 56006.290 16.454 0.013
 56008.210 16.520 0.011
 56012.340 16.638 0.013
 56019.270 16.805 0.013
 56023.150 16.915 0.013
 56032.200 17.115 0.013
 56037.190 17.209 0.013
 56047.210 17.425 0.013
 56056.250 17.587 0.014
filter H
 55909.348 13.130 0.008
 55910.344 13.098 0.008
 56029.185 17.045 0.029
filter r
 55909.350 12.799 0.006
 55916.350 12.880 0.007
 55917.360 12.861 0.006
 55923.350 12.980 0.008
 55924.350 13.043 0.010
 55925.360 13.127 0.008
 55926.340 13.195 0.007
 55927.350 13.297 0.009
 55929.370 13.469 0.010
 55931.350 13.585 0.008
 55932.370 13.620 0.008
 55933.360 13.669 0.006
 55935.330 13.768 0.009
 55937.340 13.829 0.007
 55938.360 13.886 0.008
 55939.350 13.894 0.009
 55940.330 13.933 0.010
 55941.350 13.999 0.010
 55942.340 14.021 0.008
 55944.280 14.061 0.008
 55949.280 14.243 0.007
 55955.370 14.444 0.011
 55961.360 14.653 0.009
 55962.220 14.692 0.005
 55964.290 14.767 0.009
 55966.330 14.828 0.008
 55971.250 14.992 0.010
 55974.360 15.089 0.013
 55979.380 15.246 0.009
 55985.330 15.424 0.010
 55987.370 15.492 0.009
 55988.390 15.522 0.010
 55991.290 15.635 0.011
 55994.220 15.729 0.009
 55996.290 15.807 0.011
 55999.320 15.873 0.010
 56001.250 15.931 0.012
 56003.300 15.997 0.009
 56006.290 16.083 0.014
 56008.220 16.154 0.010
 56012.350 16.270 0.011
 56019.270 16.468 0.012
 56023.160 16.597 0.010
 56032.210 16.838 0.013
 56037.200 16.972 0.012
 56047.200 17.225 0.011
 56056.250 17.445 0.012
filter u
 55909.360 14.586 0.013
 55910.360 14.720 0.013
 55912.330 14.943 0.011
 55916.360 15.405 0.014
 55917.360 15.475 0.013
 55922.350 15.972 0.011
 55923.340 16.035 0.012
 55924.340 16.135 0.011
 55925.360 16.202 0.010
 55926.330 16.275 0.010
 55927.360 16.335 0.013
 55931.350 16.531 0.025
 55933.360 16.594 0.013
 55935.340 16.620 0.023
 55937.350 16.685 0.011
 55938.370 16.733 0.013
 55939.350 16.736 0.011
 55940.330 16.746 0.012
 55941.350 16.774 0.013
 55942.350 16.772 0.010
 55944.280 16.782 0.011
 55949.290 16.871 0.011
 55955.360 16.947 0.014
 55958.380 16.993 0.013
 55961.350 17.037 0.011
 55962.210 17.030 0.014
 55962.240 17.031 0.013
 55964.300 17.072 0.013
 55966.320 17.105 0.014
 55967.360 17.120 0.014
 55971.250 17.183 0.015
 55974.360 17.239 0.017
 55985.340 17.438 0.013
 55987.380 17.470 0.012
 55988.400 17.444 0.017
 55991.290 17.537 0.015
 55994.230 17.581 0.017
 55996.300 17.627 0.018
 55999.330 17.706 0.015
 56001.240 17.766 0.015
 56003.300 17.808 0.014
 56006.280 17.874 0.017
 56008.220 17.900 0.014
 56012.360 17.975 0.017
 56019.280 18.130 0.017
 56023.160 18.181 0.026
 56032.210 18.418 0.029
 56037.210 18.508 0.021
 56047.190 18.737 0.019
 56056.260 18.962 0.043
filter V
 55909.350 12.659 0.008
 55910.360 12.716 0.009
 55916.360 13.017 0.009
 55917.350 13.027 0.006
 55924.360 13.424 0.010
 55925.370 13.506 0.008
 55927.340 13.649 0.009
 55929.370 13.814 0.010
 55931.350 13.945 0.008
 55932.360 13.965 0.009
 55933.370 14.020 0.007
 55935.350 14.064 0.008
 55937.330 14.152 0.009
 55937.330 14.150 0.006
 55938.350 14.159 0.009
 55939.340 14.182 0.008
 55940.320 14.236 0.009
 55941.340 14.271 0.008
 55942.330 14.296 0.006
 55944.290 14.328 0.006
 55949.300 14.484 0.006
 55955.380 14.649 0.009
 55962.230 14.820 0.005
 55964.300 14.877 0.007
 55966.350 14.922 0.004
 55967.380 14.964 0.011
 55971.260 15.058 0.009
 55974.340 15.128 0.009
 55979.360 15.242 0.009
 55985.320 15.386 0.007
 55987.350 15.453 0.016
 55987.350 15.421 0.010
 55988.380 15.447 0.010
 55991.310 15.514 0.010
 55994.240 15.598 0.009
 55996.310 15.638 0.011
 55999.340 15.692 0.010
 56001.270 15.736 0.011
 56003.320 15.794 0.006
 56006.310 15.834 0.010
 56008.210 15.889 0.009
 56012.320 15.976 0.010
 56019.290 16.113 0.009
 56023.140 16.191 0.011
 56032.190 16.339 0.012
 56037.180 16.449 0.011
 56047.220 16.628 0.007
 56056.280 16.794 0.009
filter Y
 55909.353 13.542 0.020
 55910.340 13.456 0.020
 55933.333 12.769 0.020
 56029.178 16.863 0.022
filter Jrc2
 55909.356 14.301 0.014
 55909.356 14.301 0.014
 55910.337 14.313 0.014
 55933.339 14.070 0.014
 56029.194 18.414 0.045
