SN2011jt 0.0278 223.3459 2.9620
filter B
 55934.361 17.012 0.012
 55936.375 17.093 0.019
 55940.370 17.504 0.013
 55942.378 17.751 0.022
 55944.364 17.999 0.011
 55954.364 19.095 0.017
filter g
 55936.358 16.944 0.013
 55936.367 16.929 0.014
 55937.362 17.040 0.035
 55937.366 16.994 0.010
 55939.364 17.137 0.009
 55940.348 17.237 0.010
 55941.362 17.340 0.039
 55941.366 17.323 0.009
 55942.362 17.419 0.009
 55944.352 17.626 0.010
 55954.323 18.626 0.012
filter i
 55934.369 17.281 0.017
 55939.373 17.749 0.020
 55940.365 17.808 0.013
 55942.367 17.971 0.015
 55944.343 18.004 0.013
 55954.358 17.659 0.010
filter r
 55939.369 16.938 0.008
 55940.360 17.057 0.011
 55941.378 17.110 0.010
 55944.348 17.271 0.008
 55954.353 17.424 0.007
filter u
 55940.354 18.620 0.037
 55941.372 18.696 0.038
 55954.332 20.391 0.049
filter V
 55934.365 16.720 0.014
 55936.371 16.775 0.015
 55940.375 17.023 0.012
 55944.357 17.311 0.011
 55954.369 17.916 0.012
