SN2013az 0.0373 84.9672 -40.5078
filter B
 56382.991 17.415 0.008
 56384.007 17.472 0.007
 56385.032 17.547 0.009
 56386.038 17.627 0.008
 56386.977 17.705 0.012
 56388.017 17.825 0.010
 56388.995 17.939 0.010
 56389.995 18.073 0.010
 56396.993 19.058 0.017
 56399.012 19.287 0.019
 56402.020 19.804 0.053
 56412.007 20.403 0.029
filter g
 56382.995 17.258 0.009
 56384.016 17.297 0.007
 56385.012 17.346 0.008
 56386.018 17.421 0.008
 56386.984 17.500 0.009
 56387.998 17.586 0.008
 56389.001 17.673 0.009
 56390.005 17.772 0.011
 56396.979 18.643 0.016
 56398.983 18.878 0.017
 56401.988 19.249 0.023
 56403.979 19.459 0.025
 56406.970 19.693 0.042
 56411.986 19.988 0.018
filter i
 56383.000 17.649 0.013
 56384.022 17.665 0.015
 56385.018 17.722 0.016
 56386.023 17.837 0.014
 56386.989 17.941 0.017
 56388.003 18.084 0.019
 56389.006 18.155 0.018
 56390.011 18.270 0.024
 56396.974 18.159 0.025
 56398.991 18.105 0.016
 56401.999 18.059 0.016
 56403.988 18.178 0.017
 56406.981 18.462 0.021
 56411.978 18.892 0.019
filter H
 56383.079 17.777 0.042
 56384.032 17.846 0.046
 56384.998 18.031 0.037
 56386.974 18.166 0.024
filter J
 56386.968 18.329 0.023
filter r
 56382.998 17.156 0.010
 56384.019 17.186 0.007
 56385.015 17.209 0.011
 56386.021 17.267 0.009
 56386.986 17.313 0.010
 56388.000 17.397 0.012
 56389.003 17.472 0.011
 56390.008 17.561 0.012
 56396.977 17.777 0.016
 56398.987 17.847 0.012
 56401.992 18.012 0.011
 56403.992 18.217 0.013
 56406.976 18.463 0.017
 56411.972 18.778 0.013
filter u
 56383.004 18.374 0.023
 56384.012 18.488 0.026
 56385.023 18.646 0.019
 56386.029 18.769 0.020
 56387.002 18.870 0.018
 56388.008 19.014 0.020
 56389.011 19.175 0.024
 56390.016 19.279 0.029
 56396.984 20.365 0.050
 56398.997 20.593 0.074
filter V
 56382.987 17.267 0.012
 56384.003 17.285 0.010
 56385.028 17.311 0.013
 56386.034 17.364 0.012
 56386.981 17.389 0.012
 56388.014 17.463 0.014
 56388.998 17.512 0.013
 56390.003 17.580 0.016
 56396.990 18.083 0.016
 56399.005 18.253 0.016
 56402.011 18.512 0.019
 56403.974 18.769 0.023
 56411.998 19.347 0.022
filter Y
 56383.058 17.758 0.014
 56384.004 17.796 0.013
 56384.977 17.866 0.018
 56386.979 18.092 0.009
filter Jrc2
 56383.092 17.700 0.020
 56384.052 17.832 0.022
 56385.020 17.908 0.021
