SN2012id 0.0157 70.6714 18.5832
filter i
 56290.148 16.618 0.012
 56290.158 16.605 0.011
 56291.198 16.657 0.010
 56293.203 16.830 0.010
 56296.171 17.164 0.010
 56298.137 17.288 0.008
 56305.150 17.115 0.010
 56312.122 17.168 0.013
filter r
 56290.144 16.310 0.009
 56291.193 16.349 0.008
 56293.207 16.461 0.008
 56296.175 16.744 0.007
 56298.132 16.896 0.006
 56305.146 17.067 0.007
 56312.116 17.448 0.011
filter B
 56290.154 17.082 0.012
 56291.184 17.133 0.010
 56293.215 17.280 0.011
 56296.161 17.547 0.010
 56298.146 17.780 0.010
 56305.157 18.772 0.020
 56312.109 19.484 0.048
filter V
 56290.151 16.578 0.015
 56291.189 16.595 0.009
 56293.211 16.678 0.009
 56296.166 16.851 0.008
 56298.141 17.002 0.008
 56305.153 17.475 0.009
 56312.102 18.006 0.016
