CSP13aao 0.0614 89.6266 -63.5606
filter B
 56622.314 18.363 0.015
 56623.278 18.452 0.021
 56624.333 18.498 0.026
 56625.317 18.547 0.030
 56632.348 19.584 0.051
 56637.339 20.548 0.097
filter i
 56622.307 18.513 0.020
 56623.291 18.603 0.024
 56624.319 18.659 0.025
 56625.325 18.653 0.024
 56632.340 19.030 0.053
 56637.347 18.901 0.037
filter r
 56622.303 18.153 0.013
 56623.287 18.132 0.015
 56624.323 18.173 0.015
 56625.328 18.166 0.015
 56632.337 18.490 0.025
 56637.351 18.740 0.021
filter V
 56622.311 18.151 0.015
 56623.283 18.199 0.016
 56624.328 18.186 0.015
 56625.321 18.219 0.019
 56632.344 18.593 0.025
 56637.343 18.959 0.024
filter Y
 56622.274 18.563 0.025
filter Jd
 56623.329 19.032 0.085
