CSP13V 0.0600 153.2917 -16.5317
filter B
 56345.221 18.793 0.015
 56346.313 18.965 0.032
 56351.332 19.500 0.053
 56352.177 19.531 0.027
 56355.241 19.837 0.021
filter i
 56345.245 19.224 0.021
 56351.316 19.230 0.031
 56352.201 19.063 0.021
 56355.225 19.031 0.016
filter r
 56345.237 18.437 0.010
 56351.308 18.592 0.017
 56352.193 18.596 0.012
 56355.217 18.697 0.012
filter V
 56345.229 18.409 0.013
 56346.305 18.488 0.030
 56351.324 18.777 0.027
 56352.185 18.810 0.018
 56355.233 19.026 0.014
filter Y
 56345.264 19.049 0.024
 56347.183 18.992 0.028
 56348.149 18.859 0.036
 56353.243 18.731 0.017
 56355.259 18.673 0.017
filter Jd
 56345.241 20.061 0.082
 56348.156 19.683 0.094
 56353.287 19.614 0.040
 56355.295 19.369 0.036
