CSP13af 0.0500 175.4340 -17.2300
filter B
 56370.276 18.163 0.013
 56371.156 18.220 0.011
 56372.231 18.332 0.011
 56376.092 18.688 0.020
 56380.196 19.095 0.026
 56385.160 19.532 0.017
 56389.139 19.805 0.020
filter i
 56369.154 18.566 0.025
 56370.262 18.690 0.016
 56371.137 18.752 0.018
 56372.218 18.827 0.017
 56376.124 18.906 0.022
 56380.215 18.862 0.026
 56385.184 18.724 0.018
 56389.123 18.655 0.021
filter Hd
 56379.134 18.884 0.060
 56384.220 18.779 0.049
filter r
 56369.149 17.710 0.016
 56370.258 17.825 0.009
 56371.143 17.874 0.010
 56372.212 17.919 0.013
 56376.116 18.097 0.015
 56380.205 18.089 0.022
 56385.176 18.190 0.017
 56389.115 18.294 0.016
filter V
 56370.272 18.145 0.011
 56371.149 18.290 0.011
 56372.224 18.418 0.011
 56376.100 18.299 0.014
 56380.186 18.561 0.018
 56385.168 19.481 0.014
 56389.131 19.577 0.015
filter Y
 56375.170 18.789 0.017
 56376.206 18.785 0.021
 56377.113 18.712 0.023
 56379.121 18.589 0.024
 56384.206 18.358 0.016
filter Jd
 56375.188 19.751 0.044
 56376.188 19.832 0.053
 56377.134 19.748 0.057
 56379.108 19.621 0.080
 56384.241 19.472 0.044
