CSP14aar 0.0422 87.0979 -66.7916
filter B
 56713.135 17.422 0.010
 56714.074 17.425 0.010
 56715.118 17.435 0.010
 56717.057 17.495 0.010
 56718.080 17.540 0.011
 56720.030 17.659 0.012
 56722.047 17.795 0.011
 56729.036 18.457 0.021
 56736.007 19.281 0.026
 56742.992 19.822 0.061
filter i
 56713.130 17.900 0.011
 56714.081 17.880 0.011
 56714.083 17.893 0.012
 56715.129 17.937 0.012
 56717.067 17.976 0.015
 56718.090 17.980 0.015
 56720.024 18.043 0.013
 56722.058 18.219 0.016
 56729.030 18.744 0.025
 56735.999 18.596 0.021
 56743.005 18.485 0.071
filter Hd
 56724.036 18.551 0.044
filter r
 56713.127 17.381 0.009
 56714.078 17.370 0.009
 56715.124 17.319 0.011
 56715.126 17.340 0.011
 56715.131 17.331 0.011
 56717.062 17.338 0.010
 56718.087 17.351 0.010
 56720.020 17.412 0.010
 56722.055 17.513 0.012
 56729.027 17.898 0.013
 56735.995 18.076 0.015
 56743.001 18.317 0.021
filter V
 56713.133 17.439 0.009
 56714.066 17.355 0.017
 56714.070 17.380 0.009
 56715.117 17.389 0.010
 56717.059 17.437 0.009
 56718.084 17.436 0.010
 56720.027 17.486 0.009
 56722.052 17.555 0.012
 56729.033 17.932 0.016
 56736.004 18.403 0.017
 56742.997 18.859 0.031
filter Y
 56724.021 18.510 0.016
filter Jd
 56724.056 18.910 0.026
