LSQ12gyc 0.0931 41.4586 -17.9294
filter i
 56265.272 19.187 0.027
 56266.093 19.247 0.018
 56267.118 19.237 0.019
 56268.169 19.247 0.018
 56269.221 19.260 0.018
 56270.176 19.291 0.017
 56272.126 19.301 0.021
 56276.135 19.466 0.020
filter r
 56265.266 18.807 0.014
 56266.088 18.779 0.011
 56267.112 18.792 0.011
 56268.162 18.789 0.010
 56269.213 18.780 0.012
 56270.168 18.788 0.009
 56270.184 18.792 0.010
 56272.119 18.835 0.013
 56276.127 18.983 0.010
filter B
 56265.285 18.806 0.020
 56266.108 18.818 0.013
 56267.133 18.801 0.010
 56268.147 18.844 0.010
 56269.195 18.888 0.014
 56270.152 18.919 0.011
 56272.142 19.032 0.011
 56276.111 19.244 0.011
filter V
 56265.278 18.760 0.016
 56266.101 18.742 0.012
 56267.126 18.781 0.012
 56268.154 18.765 0.011
 56269.203 18.760 0.013
 56270.160 18.775 0.011
 56272.135 18.837 0.014
 56276.119 18.982 0.011
