LSQ14wp 0.0695 153.5238 6.6752
filter B
 56709.196 18.287 0.022
 56710.208 18.173 0.016
 56711.184 18.096 0.017
 56712.195 18.022 0.014
 56713.197 18.021 0.012
 56714.126 17.983 0.014
 56715.291 17.950 0.013
 56717.165 17.874 0.016
 56718.171 17.927 0.012
 56719.091 17.960 0.011
 56720.115 18.001 0.013
 56721.149 18.020 0.012
 56722.115 18.079 0.013
 56723.091 18.112 0.015
 56724.127 18.163 0.013
 56725.133 18.259 0.020
 56726.113 18.274 0.020
 56727.081 18.298 0.018
 56728.117 18.376 0.022
 56734.092 18.901 0.047
 56736.110 19.242 0.044
 56741.100 19.658 0.024
 56767.996 21.084 0.047
 56773.010 21.274 0.051
 56783.005 21.140 0.151
 56783.010 21.117 0.126
filter g
 56709.188 18.265 0.015
 56710.199 18.155 0.012
 56711.175 18.055 0.011
 56712.186 18.026 0.009
 56713.188 17.953 0.010
 56714.131 17.941 0.008
 56715.296 17.936 0.008
 56717.149 17.871 0.010
 56718.158 17.876 0.009
 56719.098 17.919 0.009
 56720.098 17.921 0.008
 56721.155 17.960 0.010
 56722.121 17.981 0.009
 56723.095 18.026 0.010
 56724.133 18.078 0.008
 56725.116 18.160 0.012
 56726.119 18.200 0.010
 56727.086 18.267 0.014
 56728.099 18.287 0.016
 56734.043 18.766 0.028
 56734.046 18.780 0.029
 56734.049 18.697 0.028
 56736.128 18.976 0.028
 56741.108 19.461 0.014
 56768.029 20.850 0.026
 56773.024 20.869 0.028
 56782.987 20.894 0.041
filter i
 56709.187 18.636 0.027
 56710.197 18.584 0.026
 56711.173 18.564 0.023
 56712.184 18.535 0.018
 56713.186 18.532 0.021
 56714.130 18.542 0.022
 56715.294 18.535 0.016
 56717.160 18.527 0.021
 56718.162 18.519 0.026
 56719.107 18.617 0.022
 56720.102 18.584 0.022
 56721.160 18.628 0.021
 56722.125 18.606 0.024
 56723.099 18.627 0.023
 56724.141 18.834 0.024
 56725.121 18.759 0.028
 56726.124 18.811 0.021
 56727.092 18.969 0.025
 56728.104 19.003 0.028
 56734.057 19.312 0.044
 56734.059 19.231 0.051
 56736.122 19.274 0.038
 56741.116 19.395 0.027
 56742.071 19.285 0.025
 56743.073 19.334 0.025
 56744.087 19.309 0.022
 56745.077 19.250 0.023
 56749.081 19.211 0.019
 56750.110 19.296 0.027
 56751.101 19.175 0.024
 56752.065 19.261 0.026
 56753.073 19.346 0.029
 56754.067 19.322 0.033
 56754.076 19.218 0.023
 56755.102 19.221 0.035
 56755.109 19.334 0.028
 56756.044 19.324 0.033
 56761.039 19.610 0.059
 56761.041 19.690 0.057
 56768.010 20.022 0.038
 56773.036 20.258 0.046
 56782.974 20.677 0.063
filter Hd
 56709.216 18.780 0.044
 56710.228 18.750 0.043
filter r
 56709.186 18.396 0.021
 56710.195 18.305 0.021
 56711.171 18.244 0.014
 56712.183 18.172 0.013
 56713.185 18.107 0.012
 56714.129 18.042 0.011
 56715.293 18.048 0.011
 56717.151 17.992 0.014
 56718.160 17.939 0.014
 56719.104 17.972 0.011
 56720.100 18.005 0.014
 56721.158 18.003 0.011
 56722.123 18.017 0.011
 56723.097 18.043 0.011
 56724.138 18.116 0.013
 56725.119 18.132 0.015
 56726.122 18.166 0.012
 56727.089 18.223 0.018
 56728.101 18.260 0.018
 56734.053 18.510 0.029
 56734.055 18.542 0.034
 56736.125 18.606 0.019
 56741.112 18.799 0.019
 56742.067 18.884 0.020
 56743.069 18.807 0.018
 56744.082 18.945 0.020
 56745.072 18.945 0.014
 56749.087 19.090 0.017
 56750.105 19.131 0.020
 56751.092 19.089 0.022
 56752.072 19.168 0.017
 56753.079 19.288 0.021
 56754.094 19.217 0.025
 56755.087 19.419 0.045
 56755.096 19.308 0.026
 56756.034 19.383 0.026
 56761.036 19.579 0.056
 56761.037 19.606 0.057
 56768.016 19.868 0.025
 56773.030 20.093 0.027
 56782.981 20.192 0.047
filter u
 56709.190 18.494 0.036
 56709.192 18.598 0.037
 56710.202 18.465 0.019
 56711.178 18.384 0.016
 56712.190 18.307 0.014
 56713.192 18.272 0.016
 56714.134 18.274 0.019
 56714.135 18.304 0.018
 56715.298 18.291 0.017
 56717.156 18.369 0.015
 56718.165 18.411 0.021
 56719.110 18.479 0.019
 56720.105 18.601 0.016
 56721.164 18.641 0.022
 56722.129 18.737 0.022
 56723.102 18.831 0.025
 56724.145 18.963 0.023
 56725.126 19.060 0.029
 56726.129 19.160 0.031
 56727.097 19.291 0.034
 56728.109 19.413 0.039
 56734.064 20.322 0.152
 56734.068 20.248 0.119
 56734.073 20.053 0.116
 56736.133 20.387 0.155
filter V
 56709.194 18.308 0.024
 56710.206 18.183 0.015
 56711.182 18.129 0.016
 56712.193 18.069 0.013
 56713.195 17.997 0.013
 56714.123 18.009 0.014
 56714.127 18.013 0.012
 56715.289 17.988 0.011
 56717.163 17.900 0.013
 56718.169 17.934 0.013
 56719.093 17.926 0.013
 56720.110 17.961 0.014
 56721.152 17.983 0.011
 56722.119 18.001 0.012
 56723.093 18.061 0.013
 56724.130 18.072 0.012
 56725.131 18.119 0.016
 56726.116 18.123 0.014
 56727.083 18.215 0.018
 56728.114 18.221 0.016
 56734.085 18.502 0.037
 56734.086 18.500 0.032
 56736.114 18.694 0.027
 56741.104 18.972 0.017
 56761.044 19.898 0.096
 56768.002 20.271 0.031
 56773.017 20.477 0.029
 56782.994 20.426 0.054
 56783.000 20.416 0.056
filter Y
 56709.201 18.687 0.031
 56710.215 18.610 0.019
 56711.217 18.518 0.018
 56724.088 19.140 0.025
 56726.060 19.280 0.024
filter Jd
 56709.244 18.710 0.027
 56710.249 18.531 0.025
 56711.243 18.527 0.022
 56724.124 19.260 0.031
