LSQ13dcy 0.0801 73.8184 -20.0015
filter Jd
 56622.186 19.266 0.026
 56623.201 19.403 0.031
filter i
 56621.363 19.328 0.038
 56622.253 19.328 0.018
 56623.236 19.335 0.021
 56624.266 19.359 0.021
 56625.280 19.354 0.023
 56633.272 19.522 0.026
 56641.209 19.911 0.037
filter r
 56621.355 19.236 0.025
 56622.257 19.151 0.017
 56623.225 19.146 0.014
 56624.262 19.079 0.020
 56625.284 19.063 0.015
 56633.267 19.150 0.027
 56641.202 19.557 0.028
filter V
 56622.262 19.259 0.018
 56623.220 19.210 0.016
 56624.272 19.207 0.019
 56625.288 19.156 0.016
 56633.277 19.358 0.022
 56641.194 19.823 0.035
filter Y
 56623.168 19.206 0.021
filter B
 56622.266 19.375 0.025
 56623.214 19.356 0.021
 56624.276 19.350 0.022
 56625.292 19.341 0.023
 56633.282 19.810 0.029
 56641.172 20.640 0.065
