LSQ12cdl 0.1079 193.4165 -18.5073
filter B
 56049.181 19.460 0.046
 56050.120 19.413 0.044
 56055.160 19.750 0.091
 56056.120 19.816 0.036
 56056.131 19.888 0.047
 56057.082 19.905 0.027
 56057.090 19.860 0.026
 56058.200 19.993 0.034
 56059.109 20.127 0.027
filter g
 56047.160 19.222 0.017
 56048.140 19.291 0.020
 56049.200 19.269 0.024
 56050.100 19.309 0.025
 56055.110 19.556 0.045
 56056.100 19.629 0.020
 56056.110 19.582 0.018
 56057.100 19.718 0.016
 56057.110 19.691 0.017
 56058.170 19.785 0.020
 56059.120 19.846 0.015
filter i
 56047.175 19.596 0.042
 56048.150 19.494 0.036
 56049.187 19.514 0.045
 56050.110 19.658 0.044
 56056.069 19.910 0.039
 56056.093 19.863 0.037
 56057.132 19.942 0.041
 56057.141 19.952 0.038
 56058.182 19.995 0.039
 56059.142 20.036 0.039
filter r
 56047.170 19.291 0.020
 56048.140 19.338 0.026
 56049.190 19.344 0.036
 56050.110 19.329 0.031
 56055.120 19.603 0.094
 56056.080 19.575 0.024
 56056.090 19.564 0.025
 56057.120 19.588 0.025
 56057.120 19.558 0.022
 56058.170 19.630 0.027
 56059.130 19.689 0.023
filter V
 56049.180 19.268 0.024
 56050.120 19.297 0.033
 56055.153 19.598 0.102
 56056.140 19.515 0.026
 56056.150 19.514 0.026
 56057.070 19.563 0.019
 56057.070 19.534 0.019
 56058.190 19.596 0.022
 56059.100 19.654 0.017
filter Y
 56050.016 19.739 0.053
 56050.028 19.709 0.043
 56050.040 19.717 0.043
 56051.140 19.688 0.046
 56055.033 19.894 0.038
 56058.097 19.936 0.036
 56059.089 19.863 0.033
filter Jd
 56050.052 20.278 0.078
 56050.094 20.438 0.090
 56055.069 20.540 0.072
 56058.134 20.852 0.088
