LSQ13pf 0.0860 207.0598 -11.6441
filter B
 56374.273 19.951 0.023
 56375.301 20.002 0.030
 56376.308 20.063 0.040
 56377.275 20.129 0.055
 56378.383 20.119 0.082
 56382.341 20.536 0.069
 56383.327 20.663 0.062
 56383.339 20.588 0.061
 56401.232 22.283 0.095
filter i
 56374.307 19.633 0.022
 56375.326 19.608 0.026
 56376.342 19.608 0.028
 56377.309 19.625 0.031
 56378.360 19.658 0.042
 56382.316 19.908 0.030
 56383.374 19.972 0.036
 56389.348 20.039 0.037
 56401.195 20.208 0.034
filter Hd
 56375.367 19.722 0.170
filter r
 56374.296 19.467 0.013
 56375.265 19.418 0.020
 56376.331 19.474 0.023
 56377.297 19.440 0.027
 56378.349 19.487 0.034
 56382.305 19.656 0.024
 56383.363 19.745 0.023
 56401.207 20.638 0.033
filter V
 56374.285 19.590 0.020
 56375.290 19.598 0.023
 56376.319 19.634 0.030
 56377.286 19.668 0.041
 56378.372 19.687 0.048
 56382.330 19.851 0.040
 56383.350 19.991 0.037
 56401.220 21.371 0.068
filter Y
 56375.355 19.590 0.046
 56376.297 19.674 0.031
 56377.303 19.682 0.048
 56377.355 19.725 0.053
 56378.311 19.825 0.049
 56379.334 19.731 0.064
 56383.286 19.838 0.045
 56384.348 19.837 0.047
filter Jd
 56379.316 19.983 0.095
