SN2013ad 0.0364 54.6710 10.3076
filter B
 56345.030 17.576 0.015
 56346.017 17.576 0.037
 56351.049 17.638 0.014
 56352.028 17.656 0.011
 56353.023 17.710 0.011
 56354.016 17.718 0.010
 56355.035 17.813 0.011
 56357.029 17.939 0.011
 56358.027 18.042 0.013
 56365.003 18.828 0.019
filter i
 56345.044 17.614 0.013
 56346.038 17.672 0.036
 56351.030 17.722 0.013
 56352.042 17.731 0.012
 56353.037 17.780 0.012
 56354.029 17.855 0.014
 56357.016 18.069 0.013
 56368.996 18.346 0.029
filter Hd
 56350.052 17.615 0.059
 56351.039 17.616 0.066
 56352.024 17.828 0.057
filter r
 56345.039 17.312 0.009
 56346.029 17.257 0.031
 56351.036 17.178 0.011
 56352.036 17.208 0.008
 56353.031 17.246 0.012
 56353.043 17.236 0.007
 56354.022 17.278 0.006
 56357.010 17.424 0.008
 56368.990 17.968 0.029
filter V
 56345.035 17.358 0.011
 56346.023 17.340 0.025
 56351.043 17.332 0.011
 56352.022 17.361 0.008
 56353.016 17.385 0.009
 56354.009 17.413 0.009
 56355.028 17.439 0.009
 56357.023 17.541 0.009
 56358.034 17.584 0.009
 56365.012 18.047 0.010
filter Y
 56345.031 17.463 0.019
 56348.018 17.659 0.011
 56350.020 17.860 0.049
 56350.026 17.866 0.021
 56351.010 17.927 0.030
 56351.034 17.827 0.025
 56352.010 17.952 0.017
 56353.008 17.999 0.016
 56355.019 18.113 0.022
 56356.013 18.202 0.018
filter Jd
 56347.012 17.101 0.040
 56350.044 17.474 0.029
 56351.023 17.498 0.040
 56352.039 17.610 0.036
 56353.031 17.738 0.037
 56355.033 18.081 0.049
