SN2014Z 0.0213 26.0333 -61.1187
filter B
 56723.004 15.651 0.008
 56724.000 15.676 0.011
 56725.004 15.734 0.009
 56725.997 15.761 0.010
 56726.997 15.818 0.014
 56728.995 15.943 0.013
 56731.016 16.136 0.010
filter g
 56723.007 15.594 0.005
 56724.003 15.611 0.006
 56725.005 15.642 0.005
 56726.003 15.672 0.007
 56727.001 15.725 0.009
 56728.997 15.840 0.008
 56731.004 15.973 0.007
filter i
 56723.009 16.331 0.009
 56724.006 16.349 0.010
 56725.008 16.371 0.010
 56726.005 16.364 0.010
 56727.003 16.426 0.013
 56729.000 16.591 0.014
 56731.001 16.823 0.016
filter Hd
 56724.006 16.703 0.028
 56726.011 16.816 0.027
filter r
 56723.008 15.645 0.009
 56724.005 15.666 0.007
 56725.007 15.679 0.007
 56726.004 15.684 0.008
 56727.002 15.733 0.007
 56728.999 15.839 0.009
 56731.002 16.025 0.007
filter u
 56723.011 16.349 0.012
 56724.008 16.395 0.014
 56725.010 16.493 0.015
 56726.009 16.563 0.031
 56727.005 16.654 0.028
 56727.006 16.674 0.026
 56729.001 16.830 0.040
 56729.002 16.833 0.043
 56731.010 17.117 0.035
filter V
 56723.005 15.651 0.007
 56724.002 15.657 0.008
 56725.002 15.663 0.007
 56726.001 15.689 0.010
 56727.000 15.700 0.012
 56728.996 15.790 0.012
 56731.014 15.902 0.009
filter Y
 56723.994 16.655 0.056
 56725.995 16.795 0.056
filter Jd
 56724.011 16.486 0.053
 56726.022 16.691 0.053
