SN2013bc 0.0225 197.5888 -7.1734
filter Jd
 56385.258 17.123 0.041
 56399.160 17.866 0.038
filter g
 56385.276 17.946 0.009
 56386.233 17.975 0.009
 56387.198 18.035 0.012
 56388.205 18.121 0.010
 56389.269 18.256 0.011
 56390.116 18.358 0.016
 56391.225 18.530 0.011
 56397.305 19.477 0.017
 56400.191 19.710 0.022
 56403.055 19.933 0.041
filter i
 56385.286 17.555 0.012
 56386.242 17.566 0.012
 56387.207 17.577 0.012
 56388.231 17.588 0.014
 56389.278 17.612 0.013
 56390.125 17.634 0.024
 56391.239 17.706 0.010
 56397.300 17.955 0.014
 56400.202 18.097 0.018
 56403.065 18.262 0.018
 56411.288 19.001 0.028
filter Hd
 56385.252 16.883 0.048
 56399.197 17.190 0.043
filter r
 56385.281 17.451 0.015
 56386.237 17.447 0.013
 56387.202 17.419 0.015
 56388.209 17.444 0.016
 56389.273 17.469 0.014
 56390.120 17.476 0.022
 56391.229 17.571 0.011
 56397.295 18.009 0.021
 56400.196 18.251 0.021
 56403.060 18.473 0.022
 56411.281 19.210 0.033
filter u
 56385.294 19.886 0.039
 56386.250 19.983 0.037
 56387.215 20.081 0.035
 56388.223 20.172 0.037
 56389.285 20.336 0.042
 56390.132 20.492 0.047
 56391.246 20.804 0.073
filter V
 56385.302 17.672 0.011
 56386.229 17.636 0.011
 56387.194 17.677 0.011
 56388.201 17.707 0.014
 56389.293 17.750 0.012
 56390.141 17.818 0.017
 56391.254 17.931 0.013
 56397.289 18.634 0.016
 56400.176 18.857 0.017
 56403.071 19.066 0.020
 56411.272 19.646 0.052
filter Y
 56385.237 17.141 0.042
 56399.184 17.290 0.041
filter B
 56385.306 18.373 0.016
 56386.224 18.447 0.013
 56387.189 18.559 0.015
 56388.196 18.686 0.017
 56389.298 18.826 0.017
 56390.145 19.002 0.025
 56391.260 19.169 0.018
 56397.283 20.183 0.036
 56400.184 20.412 0.034
 56403.077 20.350 0.063
